NBVE2000000
#ACCELERATION
2.3,2.3,15,20,2
2.4,2.4,30,40,3.2
3.2,3.2,35,50,3
3.2,3.2,40,55,3
3.2,3.2,55,70,3
0,0,0,0,1
0,0,0,0,1
0,0,0,0,1
#PERFORMANCE
3.8
0.35
#DELAY
0.1
0.1
0.2
0.2
0.5
0.4
#MOVE
300
400
500
500
600
300
#BRAKE
1
1
3
#PRESSURE
500
500
680
780
#HANDLE
0
5
8
3
#COCKPIT
-730
2700
-1000
#CAR
35
3
25
3
19.7
0
#DEVICE
1
0
0
0
0
0
0
0
#MOTOR_P1
5,62,0
2,62,0
2,63,0
2,63,0
2,63,0
2,63,0
2,64,0
2,64,0
2,65,0
2,65,0
2,65,0
2,66,0
2,66,0
2,66,0
2,66,0
2,67,0
2,67,0
2,67,0
2,67,0
2,68,0
2,68,0
2,68,0
2,68,0
2,68,0
2,69,0
2,69,0
2,69,0
2,69,0
2,70,0
2,70,0
2,70,0
2,70,0
2,71,0
2,71,0
2,71,0
2,71,0
2,72,0
2,72,0
2,72,0
2,72,0
2,73,1
2,73,2
2,73,2
2,73,2
2,73,3
2,74,4
2,74,4
2,74,4
2,74,5
2,75,6
2,75,6
2,75,6
2,75,7
2,76,8
2,76,8
2,76,8
2,76,9
2,77,10
2,77,11
2,77,12
2,77,12
2,78,13
2,78,13
2,78,14
2,78,14
2,78,15
2,79,16
2,79,16
2,79,17
2,79,17
2,80,18
2,80,19
2,80,19
2,80,21
2,81,22
2,81,23
2,81,23
2,81,24
2,82,25
2,82,26
2,82,27
2,82,28
2,82,28
2,83,29
2,83,30
2,83,31
2,83,32
2,84,32
2,84,34
2,84,36
2,84,39
2,85,41
2,85,43
2,85,45
2,85,48
2,86,50
2,86,52
2,86,59
2,86,60
2,86,60
2,87,61
2,87,61
2,87,62
2,87,62
2,88,63
2,88,64
2,88,64
2,88,65
2,89,65
2,89,66
2,89,67
2,89,67
2,90,68
2,90,68
2,90,69
2,90,70
2,91,70
2,91,71
2,91,73
2,91,73
2,91,74
2,91,74
2,92,74
2,92,75
2,92,75
2,92,75
2,93,75
2,93,76
2,93,76
2,93,76
2,93,77
2,94,77
2,94,77
2,94,78
2,94,78
2,94,78
2,95,78
2,95,79
2,95,79
2,95,79
2,96,79
2,96,79
2,96,79
2,96,79
2,96,79
2,97,79
2,97,79
2,97,79
2,97,79
2,97,79
2,98,79
2,98,79
2,98,79
2,98,79
2,99,79
2,99,80
2,99,80
2,99,80
2,99,80
2,100,80
2,100,80
2,100,80
2,100,80
2,100,80
2,101,80
2,101,80
2,101,80
2,101,80
2,102,80
2,102,80
2,102,80
2,102,80
2,102,80
2,103,80
2,103,80
2,103,80
2,103,80
2,103,80
2,104,80
2,104,80
2,104,80
2,104,80
2,105,80
2,105,80
2,105,80
2,105,80
2,105,80
2,106,80
2,106,81
2,106,81
2,106,81
2,106,81
2,107,81
2,107,81
2,107,81
2,107,81
2,108,81
2,108,81
2,108,81
2,108,81
2,108,81
2,109,81
2,109,81
2,109,81
2,109,81
2,109,82
2,110,82
2,110,82
2,110,82
2,110,82
2,111,82
2,111,82
2,111,82
2,111,82
2,111,82
2,112,82
2,112,82
2,112,82
2,112,82
2,112,82
2,113,82
2,113,82
2,113,82
2,113,82
2,114,82
2,114,82
2,114,82
2,114,82
2,114,82
2,115,82
2,115,82
2,115,82
2,115,82
2,115,81
2,116,81
2,116,81
2,116,81
2,116,81
2,117,81
2,117,81
2,117,81
2,117,81
2,117,81
2,118,81
2,118,81
2,118,81
2,118,81
2,118,81
2,119,81
2,119,81
2,119,81
2,119,81
2,120,81
2,120,81
2,120,81
2,120,81
2,120,81
2,121,81
2,121,81
2,121,81
2,121,81
2,121,81
2,122,81
2,122,81
2,122,81
2,122,81
2,123,81
2,123,81
2,123,81
2,123,81
2,123,81
2,124,81
2,124,81
2,124,81
2,124,81
2,124,81
2,125,81
2,125,81
2,125,81
2,125,81
2,126,81
2,126,81
2,126,81
2,126,81
2,126,81
2,127,81
2,127,81
2,127,81
2,127,81
2,127,81
2,128,81
2,128,81
2,128,81
2,128,80
2,129,80
2,129,80
2,129,80
2,129,80
2,129,80
2,130,80
2,130,80
2,130,80
2,130,80
2,130,80
2,131,80
2,131,80
2,131,80
2,131,80
2,132,80
2,132,80
2,132,80
2,132,80
2,132,80
2,133,80
2,133,80
2,133,80
2,133,80
2,133,80
2,134,80
2,134,80
2,134,80
2,134,80
2,135,80
2,135,80
2,135,80
2,135,80
2,135,80
2,136,80
2,136,80
2,136,80
2,136,80
2,136,80
2,137,80
2,137,80
2,137,80
2,137,80
2,138,80
2,138,80
2,138,80
2,138,80
2,138,80
2,139,80
2,139,80
2,139,80
2,139,80
2,139,80
2,139,80
2,139,80
2,139,80
2,140,80
2,140,80
2,140,80
2,140,80
2,140,80
2,140,80
2,140,80
2,140,80
2,140,80
2,140,80
2,140,80
2,140,80
2,141,80
2,141,80
2,141,80
2,141,80
2,141,80
2,141,80
2,141,80
2,141,80
2,141,80
2,141,80
2,141,80
2,141,80
2,142,80
2,142,80
2,142,80
2,142,80
2,142,80
2,142,80
2,142,80
2,142,80
2,142,80
2,142,80
2,142,80
2,142,80
2,143,80
2,143,80
2,143,80
2,143,80
2,143,80
2,143,80
2,143,80
2,143,80
2,143,80
2,143,80
2,143,80
2,143,80
2,143,80
2,143,80
2,143,80
2,143,80
2,143,80
2,143,80
2,143,80
2,143,80
2,143,80
2,143,80
2,143,80
2,143,80
2,143,80
2,143,80
2,143,80
2,143,80
2,143,80
2,143,80
2,143,80
2,143,80
2,143,80
2,143,80
2,143,80
2,143,80
2,143,80
2,143,80
2,143,80
2,143,80
2,143,80
2,143,80
2,143,80
2,143,80
2,143,80
2,143,80
2,143,80
2,143,80
2,143,80
2,143,80
2,143,80
2,143,80
2,143,80
2,143,80
2,143,80
2,143,80
2,143,80
2,143,80
2,143,80
2,143,80
2,143,80
2,143,80
2,143,80
2,143,80
2,143,80
2,143,80
2,143,80
2,143,80
2,143,80
2,143,80
2,143,80
2,143,80
2,143,80
2,143,80
2,143,80
2,143,80
2,143,80
2,143,80
2,143,80
2,143,80
2,143,80
2,143,80
2,143,80
2,143,80
2,143,80
2,143,80
2,143,80
2,143,80
2,143,80
2,143,80
2,143,80
2,143,80
2,143,80
2,143,80
2,143,80
2,143,80
2,143,80
2,143,80
2,143,80
2,143,80
2,143,80
2,143,80
2,143,80
2,143,80
2,143,80
2,143,80
2,143,80
2,143,80
2,143,80
2,143,80
2,143,80
2,143,80
2,143,80
2,143,80
2,143,80
2,143,80
2,143,80
2,143,80
2,143,80
2,143,80
2,143,80
2,143,80
2,143,80
2,143,80
2,143,80
2,143,80
2,143,80
2,143,80
2,143,80
2,143,80
2,143,80
2,143,80
2,143,80
2,143,80
2,143,80
2,143,80
2,143,80
2,143,80
2,143,80
2,143,80
2,143,80
2,143,80
2,143,80
2,143,80
2,143,80
2,143,80
2,143,80
2,143,80
2,143,80
2,143,80
2,143,80
2,143,80
2,143,80
2,143,80
2,143,80
2,143,80
2,143,80
2,143,80
2,143,80
2,143,80
2,143,80
2,143,80
2,143,80
2,143,80
2,143,80
2,143,80
2,143,80
2,143,80
2,143,80
2,143,80
2,143,80
2,143,80
2,143,80
2,143,80
2,143,80
2,143,80
2,143,80
2,143,80
2,143,80
2,143,80
2,143,80
2,143,80
2,143,80
2,143,80
2,143,80
2,143,80
2,143,80
2,143,80
2,143,80
2,143,80
2,143,80
2,143,80
2,143,80
2,143,80
2,143,80
2,143,80
2,143,80
2,143,80
2,143,80
2,143,80
2,143,80
2,143,80
2,143,80
2,143,80
2,143,80
2,143,80
2,143,80
2,143,80
2,143,80
2,143,80
2,143,80
2,143,80
2,143,80
2,143,80
2,143,80
2,143,80
2,143,80
2,143,80
2,143,80
2,143,80
2,143,80
2,143,80
2,143,80
2,143,80
2,143,80
2,143,80
2,143,80
2,143,80
2,143,80
2,143,80
2,143,80
2,143,80
2,143,80
2,143,80
2,143,80
2,143,80
2,143,80
2,143,80
2,143,80
2,143,80
2,143,80
2,143,80
2,143,80
2,143,80
2,143,80
2,143,80
2,143,80
2,143,80
2,143,80
2,143,80
2,143,80
2,143,80
2,143,80
2,143,80
2,143,80
2,143,80
2,143,80
2,143,80
2,143,80
2,143,80
2,143,80
2,143,80
2,143,80
2,143,80
2,143,80
2,143,80
2,143,80
2,143,80
2,143,80
2,143,80
2,143,80
2,143,80
2,143,80
2,143,80
2,143,80
2,143,80
2,143,80
2,143,80
2,143,80
2,143,80
2,143,80
2,143,80
2,143,80
2,143,80
2,143,80
2,143,80
2,143,80
2,143,80
2,143,80
2,143,80
2,143,80
2,143,80
2,143,80
2,143,80
2,143,80
2,143,80
2,143,80
2,143,80
2,143,80
2,143,80
2,143,80
2,143,80
2,143,80
2,143,80
2,143,80
2,143,80
2,143,80
2,143,80
2,143,80
2,143,80
2,143,80
2,143,80
2,143,80
2,143,80
2,143,80
2,143,80
2,143,80
2,143,80
2,143,80
2,143,80
2,143,80
2,143,80
2,143,80
2,143,80
2,143,80
2,143,80
2,143,80
2,143,80
2,143,80
2,143,80
2,143,80
2,143,80
2,143,80
2,143,80
2,143,80
2,143,80
2,143,80
2,143,80
2,143,80
2,143,80
2,143,80
2,143,80
2,143,80
2,143,80
2,143,80
2,143,80
2,143,80
2,143,80
2,143,80
2,143,80
2,143,80
2,143,80
2,143,80
2,143,80
2,143,80
2,143,80
2,143,80
2,143,80
2,143,80
2,143,80
2,143,80
2,143,80
2,143,80
2,143,80
2,143,80
2,143,80
2,143,80
2,143,80
2,143,80
2,143,80
2,143,80
2,143,80
2,143,80
2,143,80
2,143,80
2,143,80
2,143,80
2,143,80
2,143,80
2,143,80
2,143,80
2,143,80
2,143,80
2,143,80
2,143,80
2,143,80
2,143,80
2,143,80
2,143,80
2,143,80
2,143,80
2,143,80
2,143,80
2,143,80
2,143,80
2,143,80
2,143,80
2,143,80
2,143,80
2,143,80
2,143,80
2,143,80
2,143,80
2,143,80
2,143,80
2,143,80
2,143,80
2,143,80
2,143,80
2,143,80
2,143,80
2,143,80
2,143,80
2,143,80
-1,143,80
#MOTOR_P2
1,100,5
1,100,5
1,100,5
1,100,5
1,100,5
1,100,5
1,100,5
1,100,5
1,100,5
1,100,5
1,100,5
1,100,5
1,100,4
1,100,5
1,100,7
1,100,8
1,100,10
1,100,11
1,100,13
1,100,14
1,100,16
1,100,17
1,100,19
1,100,20
1,100,21
1,100,23
1,100,24
1,100,26
1,100,27
1,100,29
1,100,30
1,100,32
1,100,33
1,100,35
1,100,36
1,100,37
1,100,39
1,100,40
1,100,42
1,100,43
1,100,45
1,100,46
1,100,48
1,100,49
1,100,51
1,100,51
1,100,51
1,100,52
1,100,52
1,100,52
1,100,52
1,100,52
1,100,52
1,100,52
1,100,52
1,100,52
1,100,53
1,100,53
1,100,53
1,100,53
1,100,53
1,100,53
1,100,53
1,100,53
1,100,53
1,100,53
1,100,53
1,100,53
1,100,53
1,100,53
1,100,53
1,100,53
1,100,53
1,100,53
1,100,54
1,100,54
1,100,54
1,100,54
1,100,54
1,100,54
1,100,54
1,100,54
1,100,54
1,100,54
1,100,54
1,100,54
1,100,54
1,100,54
1,100,54
1,100,54
1,100,54
1,100,54
1,100,55
1,100,55
1,100,55
1,100,55
1,100,55
1,100,55
1,100,55
1,100,55
1,100,53
1,100,53
1,100,53
4,100,53
4,100,54
4,100,54
4,100,54
4,100,54
4,100,54
4,100,54
4,100,54
4,100,54
4,100,54
4,100,55
4,100,55
4,100,55
4,100,55
4,100,55
4,100,55
4,100,55
4,100,56
4,100,56
4,100,56
4,100,56
4,100,56
4,100,56
4,100,56
4,100,56
4,100,56
4,100,56
4,100,56
4,100,56
4,100,55
4,100,55
4,100,55
4,100,55
4,100,54
4,100,54
4,100,54
4,100,54
4,100,53
4,100,53
4,100,52
4,100,51
4,100,50
4,100,49
4,100,48
4,100,47
4,100,46
4,100,44
4,100,43
4,100,42
4,100,41
4,100,40
4,100,39
4,100,38
4,100,37
4,100,36
4,100,35
4,100,34
4,100,32
4,100,31
4,100,30
4,100,29
4,100,28
4,100,26
4,100,25
4,100,23
4,100,22
4,100,20
4,100,19
4,100,18
4,100,16
4,100,15
4,100,14
4,100,12
4,100,11
4,100,10
4,100,8
4,100,7
4,100,5
4,100,4
4,100,2
4,100,0
4,100,0
4,100,0
4,100,0
4,100,0
4,100,0
4,100,0
4,100,0
4,100,0
4,100,0
4,100,0
4,100,0
4,100,0
4,100,0
4,100,0
4,100,0
4,100,0
4,100,0
4,100,0
4,100,0
4,100,0
4,100,0
4,100,0
4,100,0
4,100,0
4,100,0
4,100,0
-1,100,0
-1,100,0
-1,100,0
-1,100,0
-1,100,0
-1,100,0
-1,100,0
-1,100,0
-1,100,0
-1,100,0
-1,100,0
-1,100,0
-1,100,0
-1,100,0
-1,100,0
-1,100,0
-1,100,0
-1,100,0
-1,100,0
-1,100,0
-1,100,0
-1,100,0
-1,100,0
-1,100,0
-1,100,0
-1,100,0
-1,100,0
-1,100,0
-1,100,0
-1,100,0
-1,100,0
-1,100,0
-1,100,0
-1,100,0
-1,100,0
-1,100,0
-1,100,0
-1,100,0
-1,100,0
-1,100,0
-1,100,0
-1,100,0
-1,100,0
-1,100,0
-1,100,0
-1,100,0
-1,100,0
-1,100,0
-1,100,0
-1,100,0
-1,100,0
-1,100,0
-1,100,0
-1,100,0
-1,100,0
-1,100,0
-1,100,0
-1,100,0
-1,100,0
-1,100,0
-1,100,0
-1,100,0
-1,100,0
-1,100,0
-1,100,0
-1,100,0
-1,100,0
-1,100,0
-1,100,0
-1,100,0
-1,100,0
-1,100,0
-1,100,0
-1,100,0
-1,100,0
-1,100,0
-1,100,0
-1,100,0
-1,100,0
-1,100,0
-1,100,0
-1,100,0
-1,100,0
-1,100,0
-1,100,0
-1,100,0
-1,100,0
-1,100,0
-1,100,0
-1,100,0
-1,100,0
-1,100,0
-1,100,0
-1,100,0
-1,100,0
-1,100,0
-1,100,0
-1,100,0
-1,100,0
-1,100,0
-1,100,0
-1,100,0
-1,100,0
-1,100,0
-1,100,0
-1,100,0
-1,100,0
-1,100,0
-1,100,0
-1,100,0
-1,100,0
-1,100,0
-1,100,0
-1,100,0
-1,100,0
-1,100,0
-1,100,0
-1,100,0
-1,100,0
-1,100,0
-1,100,0
-1,100,0
-1,100,0
-1,100,0
-1,100,0
-1,100,0
-1,100,0
-1,100,0
-1,100,0
-1,100,0
-1,100,0
-1,100,0
-1,100,0
-1,100,0
-1,100,0
-1,100,0
-1,100,0
-1,100,0
-1,100,0
-1,100,0
-1,100,0
-1,100,0
-1,100,0
-1,100,0
-1,100,0
-1,100,0
-1,100,0
-1,100,0
-1,100,0
-1,100,0
-1,100,0
-1,100,0
-1,100,0
-1,100,0
-1,100,0
-1,100,0
-1,100,0
-1,100,0
-1,100,0
-1,100,0
-1,100,0
-1,100,0
-1,100,0
-1,100,0
-1,100,0
-1,100,0
-1,100,0
-1,100,0
-1,100,0
-1,100,0
-1,100,0
-1,100,0
-1,100,0
-1,100,0
-1,100,0
-1,100,0
-1,100,0
-1,100,0
-1,100,0
-1,100,0
-1,100,0
-1,100,0
-1,100,0
-1,100,0
-1,100,0
-1,100,0
-1,100,0
-1,100,0
-1,100,0
-1,100,0
-1,100,0
-1,100,0
-1,100,0
-1,100,0
-1,100,0
-1,100,0
-1,100,0
-1,100,0
-1,100,0
-1,100,0
-1,100,0
-1,100,0
-1,100,0
-1,100,0
-1,100,0
-1,100,0
-1,100,0
-1,100,0
-1,100,0
-1,100,0
-1,100,0
-1,100,0
-1,100,0
-1,100,0
-1,100,0
-1,100,0
-1,100,0
-1,100,0
-1,100,0
-1,100,0
-1,100,0
-1,100,0
-1,100,0
-1,100,0
-1,100,0
-1,100,0
-1,100,0
-1,100,0
-1,100,0
-1,100,0
-1,100,0
-1,100,0
-1,100,0
-1,100,0
-1,100,0
-1,100,0
-1,100,0
-1,100,0
-1,100,0
-1,100,0
-1,100,0
-1,100,0
-1,100,0
-1,100,0
-1,100,0
-1,100,0
-1,100,0
-1,100,0
-1,100,0
-1,100,0
-1,100,0
-1,100,0
-1,100,0
-1,100,0
-1,100,0
-1,100,0
-1,100,0
-1,100,0
-1,100,0
-1,100,0
-1,100,0
-1,100,0
-1,100,0
-1,100,0
-1,100,0
-1,100,0
-1,100,0
-1,100,0
-1,100,0
-1,100,0
-1,100,0
-1,100,0
-1,100,0
-1,100,0
-1,100,0
-1,100,0
-1,100,0
-1,100,0
-1,100,0
-1,100,0
-1,100,0
-1,100,0
-1,100,0
-1,100,0
-1,100,0
-1,100,0
-1,100,0
-1,100,0
-1,100,0
-1,100,0
-1,100,0
-1,100,0
-1,100,0
-1,100,0
-1,100,0
-1,100,0
-1,100,0
-1,100,0
-1,100,0
-1,100,0
-1,100,0
-1,100,0
-1,100,0
-1,100,0
-1,100,0
-1,100,0
-1,100,0
-1,100,0
-1,100,0
-1,100,0
-1,100,0
-1,100,0
-1,100,0
-1,100,0
-1,100,0
-1,100,0
-1,100,0
-1,100,0
-1,100,0
-1,100,0
-1,100,0
-1,100,0
-1,100,0
-1,100,0
-1,100,0
-1,100,0
-1,100,0
-1,100,0
-1,100,0
-1,100,0
-1,100,0
-1,100,0
-1,100,0
-1,100,0
-1,100,0
-1,100,0
-1,100,0
-1,100,0
-1,100,0
-1,100,0
-1,100,0
-1,100,0
-1,100,0
-1,100,0
-1,100,0
-1,100,0
-1,100,0
-1,100,0
-1,100,0
-1,100,0
-1,100,0
-1,100,0
-1,100,0
-1,100,0
-1,100,0
-1,100,0
-1,100,0
-1,100,0
-1,100,0
-1,100,0
-1,100,0
-1,100,0
-1,100,0
-1,100,0
-1,100,0
-1,100,0
-1,100,0
-1,100,0
-1,100,0
-1,100,0
-1,100,0
-1,100,0
-1,100,0
-1,100,0
-1,100,0
-1,100,0
-1,100,0
-1,100,0
-1,100,0
-1,100,0
-1,100,0
-1,100,0
-1,100,0
-1,100,0
-1,100,0
-1,100,0
-1,100,0
-1,100,0
-1,100,0
-1,100,0
-1,100,0
-1,100,0
-1,100,0
-1,100,0
-1,100,0
-1,100,0
-1,100,0
-1,100,0
-1,100,0
-1,100,0
-1,100,0
-1,100,0
-1,100,0
-1,100,0
-1,100,0
-1,100,0
-1,100,0
-1,100,0
-1,100,0
-1,100,0
-1,100,0
-1,100,0
-1,100,0
-1,100,0
-1,100,0
-1,100,0
-1,100,0
-1,100,0
-1,100,0
-1,100,0
-1,100,0
-1,100,0
-1,100,0
-1,100,0
-1,100,0
-1,100,0
-1,100,0
-1,100,0
-1,100,0
-1,100,0
-1,100,0
-1,100,0
-1,100,0
-1,100,0
-1,100,0
-1,100,0
-1,100,0
-1,100,0
-1,100,0
-1,100,0
-1,100,0
-1,100,0
-1,100,0
-1,100,0
-1,100,0
-1,100,0
-1,100,0
-1,100,0
-1,100,0
-1,100,0
-1,100,0
-1,100,0
-1,100,0
-1,100,0
-1,100,0
-1,100,0
-1,100,0
-1,100,0
-1,100,0
-1,100,0
-1,100,0
-1,100,0
-1,100,0
-1,100,0
-1,100,0
-1,100,0
-1,100,0
-1,100,0
-1,100,0
-1,100,0
-1,100,0
-1,100,0
-1,100,0
-1,100,0
-1,100,0
-1,100,0
-1,100,0
-1,100,0
-1,100,0
-1,100,0
-1,100,0
-1,100,0
-1,100,0
-1,100,0
-1,100,0
-1,100,0
-1,100,0
-1,100,0
-1,100,0
-1,100,0
-1,100,0
-1,100,0
-1,100,0
-1,100,0
-1,100,0
-1,100,0
-1,100,0
-1,100,0
-1,100,0
-1,100,0
-1,100,0
-1,100,0
-1,100,0
-1,100,0
-1,100,0
-1,100,0
-1,100,0
-1,100,0
-1,100,0
-1,100,0
-1,100,0
-1,100,0
-1,100,0
-1,100,0
-1,100,0
-1,100,0
-1,100,0
-1,100,0
-1,100,0
-1,100,0
-1,100,0
-1,100,0
-1,100,0
-1,100,0
-1,100,0
-1,100,0
-1,100,0
-1,100,0
-1,100,0
-1,100,0
-1,100,0
-1,100,0
-1,100,0
-1,100,0
-1,100,0
-1,100,0
-1,100,0
-1,100,0
-1,100,0
-1,100,0
-1,100,0
-1,100,0
-1,100,0
-1,100,0
-1,100,0
-1,100,0
-1,100,0
-1,100,0
-1,100,0
-1,100,0
-1,100,0
-1,100,0
-1,100,0
-1,100,0
-1,100,0
-1,100,0
-1,100,0
-1,100,0
-1,100,0
-1,100,0
-1,100,0
-1,100,0
-1,100,0
-1,100,0
-1,100,0
-1,100,0
-1,100,0
-1,100,0
-1,100,0
-1,100,0
-1,100,0
-1,100,0
-1,100,0
-1,100,0
-1,100,0
-1,100,0
-1,100,0
-1,100,0
-1,100,0
-1,100,0
-1,100,0
-1,100,0
-1,100,0
-1,100,0
-1,100,0
-1,100,0
-1,100,0
-1,100,0
-1,100,0
-1,100,0
#MOTOR_B1
1,100,0
1,100,0
1,100,0
1,100,0
1,100,0
1,100,0
1,100,0
1,100,0
1,100,0
1,100,0
1,100,0
1,100,0
1,100,0
1,100,1
1,100,3
1,100,4
1,100,6
1,100,7
1,100,9
1,100,10
1,100,12
1,100,13
1,100,14
1,100,16
1,100,17
1,100,19
1,100,20
1,100,22
1,100,23
1,100,25
1,100,26
1,100,27
1,100,29
1,100,30
1,100,32
1,100,33
1,100,35
1,100,36
1,100,38
1,100,39
1,100,40
1,100,42
1,100,43
1,100,45
1,100,46
1,100,48
1,100,49
1,100,51
1,100,52
1,100,52
1,100,52
1,100,52
1,100,52
1,100,52
1,100,52
1,100,53
1,100,53
1,100,53
1,100,53
1,100,53
1,100,53
1,100,53
1,100,53
1,100,53
1,100,53
1,100,53
1,100,53
1,100,53
1,100,53
1,100,53
1,100,53
1,100,53
1,100,53
1,100,54
1,100,54
1,100,54
1,100,54
1,100,54
1,100,54
1,100,54
1,100,54
1,100,54
1,100,54
1,100,54
1,100,54
1,100,54
1,100,54
1,100,54
1,100,54
1,100,54
1,100,54
1,100,55
1,100,55
1,100,55
1,100,55
1,100,55
1,100,55
1,100,55
1,100,55
1,100,55
1,100,51
1,100,47
1,100,42
1,100,38
1,100,34
1,100,30
1,100,25
1,100,21
1,100,17
1,100,13
1,100,8
1,100,4
1,100,0
1,100,0
1,100,0
1,100,0
1,100,0
1,100,0
1,100,0
1,100,0
1,100,0
1,100,0
1,100,0
1,100,0
1,100,0
1,100,0
1,100,0
1,100,0
1,100,0
1,100,0
1,100,0
1,100,0
1,100,0
1,100,0
1,100,0
1,100,0
1,100,0
1,100,0
1,100,0
1,100,0
1,100,0
1,100,0
1,100,0
1,100,0
1,100,0
1,100,0
1,100,0
1,100,0
1,100,0
1,100,0
1,100,0
1,100,0
1,100,0
1,100,0
1,100,0
1,100,0
1,100,0
1,100,0
1,100,0
1,100,0
1,100,0
1,100,0
1,100,0
1,100,0
1,100,0
1,100,0
1,100,0
1,100,0
1,100,0
1,100,0
1,100,0
1,100,0
1,100,0
1,100,0
1,100,0
1,100,0
1,100,0
1,100,0
1,100,0
1,100,0
1,100,0
1,100,0
1,100,0
1,100,0
1,100,0
1,100,0
1,100,0
1,100,0
1,100,0
1,100,0
1,100,0
1,100,0
1,100,0
1,100,0
1,100,0
1,100,0
1,100,0
1,100,0
1,100,0
1,100,0
1,100,0
1,100,0
1,100,0
1,100,0
1,100,0
1,100,0
1,100,0
1,100,0
1,100,0
1,100,0
1,100,0
1,100,0
1,100,0
1,100,0
1,100,0
1,100,0
1,100,0
1,100,0
1,100,0
1,100,0
1,100,0
1,100,0
1,100,0
1,100,0
1,100,0
1,100,0
1,100,0
1,100,0
1,100,0
1,100,0
1,100,0
1,100,0
1,100,0
1,100,0
1,100,0
1,100,0
1,100,0
1,100,0
1,100,0
1,100,0
1,100,0
1,100,0
1,100,0
1,100,0
1,100,0
1,100,0
1,100,0
1,100,0
1,100,0
1,100,0
1,100,0
1,100,0
1,100,0
1,100,0
1,100,0
1,100,0
1,100,0
1,100,0
1,100,0
1,100,0
1,100,0
1,100,0
1,100,0
1,100,0
1,100,0
1,100,0
1,100,0
1,100,0
1,100,0
1,100,0
1,100,0
1,100,0
1,100,0
1,100,0
1,100,0
1,100,0
1,100,0
1,100,0
1,100,0
1,100,0
1,100,0
1,100,0
1,100,0
1,100,0
1,100,0
1,100,0
1,100,0
1,100,0
1,100,0
1,100,0
1,100,0
1,100,0
1,100,0
1,100,0
1,100,0
1,100,0
1,100,0
1,100,0
1,100,0
1,100,0
1,100,0
1,100,0
1,100,0
1,100,0
1,100,0
1,100,0
1,100,0
1,100,0
1,100,0
1,100,0
1,100,0
1,100,0
1,100,0
1,100,0
1,100,0
1,100,0
1,100,0
1,100,0
1,100,0
1,100,0
1,100,0
1,100,0
1,100,0
1,100,0
1,100,0
1,100,0
1,100,0
1,100,0
1,100,0
1,100,0
1,100,0
1,100,0
1,100,0
1,100,0
1,100,0
1,100,0
1,100,0
1,100,0
1,100,0
1,100,0
1,100,0
1,100,0
1,100,0
1,100,0
1,100,0
1,100,0
1,100,0
1,100,0
1,100,0
1,100,0
1,100,0
1,100,0
1,100,0
1,100,0
1,100,0
1,100,0
1,100,0
1,100,0
1,100,0
1,100,0
1,100,0
1,100,0
1,100,0
1,100,0
1,100,0
1,100,0
1,100,0
1,100,0
1,100,0
1,100,0
1,100,0
1,100,0
1,100,0
1,100,0
1,100,0
1,100,0
1,100,0
1,100,0
1,100,0
1,100,0
1,100,0
1,100,0
1,100,0
1,100,0
1,100,0
1,100,0
1,100,0
1,100,0
1,100,0
1,100,0
1,100,0
1,100,0
1,100,0
1,100,0
1,100,0
1,100,0
1,100,0
1,100,0
1,100,0
1,100,0
1,100,0
1,100,0
1,100,0
1,100,0
1,100,0
1,100,0
1,100,0
1,100,0
1,100,0
1,100,0
1,100,0
1,100,0
1,100,0
1,100,0
1,100,0
1,100,0
1,100,0
1,100,0
1,100,0
1,100,0
1,100,0
1,100,0
1,100,0
1,100,0
1,100,0
1,100,0
1,100,0
1,100,0
1,100,0
1,100,0
1,100,0
1,100,0
1,100,0
1,100,0
1,100,0
1,100,0
1,100,0
1,100,0
1,100,0
1,100,0
1,100,0
1,100,0
1,100,0
1,100,0
1,100,0
1,100,0
1,100,0
1,100,0
1,100,0
1,100,0
1,100,0
1,100,0
1,100,0
1,100,0
1,100,0
1,100,0
1,100,0
1,100,0
1,100,0
1,100,0
1,100,0
1,100,0
1,100,0
1,100,0
1,100,0
1,100,0
1,100,0
1,100,0
1,100,0
1,100,0
1,100,0
1,100,0
1,100,0
1,100,0
1,100,0
1,100,0
1,100,0
1,100,0
1,100,0
1,100,0
1,100,0
1,100,0
1,100,0
1,100,0
1,100,0
1,100,0
1,100,0
1,100,0
1,100,0
1,100,0
1,100,0
1,100,0
1,100,0
1,100,0
1,100,0
1,100,0
1,100,0
1,100,0
1,100,0
1,100,0
1,100,0
1,100,0
1,100,0
1,100,0
1,100,0
1,100,0
1,100,0
1,100,0
1,100,0
1,100,0
1,100,0
1,100,0
1,100,0
1,100,0
1,100,0
1,100,0
1,100,0
1,100,0
1,100,0
1,100,0
1,100,0
1,100,0
1,100,0
1,100,0
1,100,0
1,100,0
1,100,0
1,100,0
1,100,0
1,100,0
1,100,0
1,100,0
1,100,0
1,100,0
1,100,0
1,100,0
1,100,0
1,100,0
1,100,0
1,100,0
1,100,0
1,100,0
1,100,0
1,100,0
1,100,0
1,100,0
1,100,0
1,100,0
1,100,0
1,100,0
1,100,0
1,100,0
1,100,0
1,100,0
1,100,0
1,100,0
1,100,0
1,100,0
1,100,0
1,100,0
1,100,0
1,100,0
1,100,0
1,100,0
1,100,0
1,100,0
1,100,0
1,100,0
1,100,0
1,100,0
1,100,0
1,100,0
1,100,0
1,100,0
1,100,0
1,100,0
1,100,0
1,100,0
1,100,0
1,100,0
1,100,0
1,100,0
1,100,0
1,100,0
1,100,0
1,100,0
1,100,0
1,100,0
1,100,0
1,100,0
1,100,0
1,100,0
1,100,0
1,100,0
1,100,0
1,100,0
1,100,0
1,100,0
1,100,0
1,100,0
1,100,0
1,100,0
1,100,0
1,100,0
1,100,0
1,100,0
1,100,0
1,100,0
1,100,0
1,100,0
1,100,0
1,100,0
1,100,0
1,100,0
1,100,0
1,100,0
1,100,0
1,100,0
1,100,0
1,100,0
1,100,0
1,100,0
1,100,0
1,100,0
1,100,0
1,100,0
1,100,0
1,100,0
1,100,0
1,100,0
1,100,0
1,100,0
1,100,0
1,100,0
1,100,0
1,100,0
1,100,0
1,100,0
1,100,0
1,100,0
1,100,0
1,100,0
1,100,0
1,100,0
1,100,0
1,100,0
1,100,0
1,100,0
1,100,0
1,100,0
1,100,0
1,100,0
1,100,0
1,100,0
1,100,0
1,100,0
1,100,0
1,100,0
1,100,0
1,100,0
1,100,0
1,100,0
1,100,0
1,100,0
1,100,0
1,100,0
1,100,0
1,100,0
1,100,0
1,100,0
1,100,0
1,100,0
1,100,0
1,100,0
1,100,0
1,100,0
1,100,0
1,100,0
1,100,0
1,100,0
1,100,0
1,100,0
1,100,0
1,100,0
1,100,0
1,100,0
1,100,0
1,100,0
1,100,0
1,100,0
1,100,0
1,100,0
1,100,0
1,100,0
1,100,0
1,100,0
1,100,0
1,100,0
1,100,0
1,100,0
1,100,0
1,100,0
1,100,0
1,100,0
1,100,0
1,100,0
1,100,0
1,100,0
1,100,0
1,100,0
1,100,0
1,100,0
1,100,0
1,100,0
1,100,0
1,100,0
1,100,0
1,100,0
1,100,0
1,100,0
1,100,0
1,100,0
1,100,0
1,100,0
1,100,0
1,100,0
1,100,0
1,100,0
1,100,0
1,100,0
1,100,0
1,100,0
1,100,0
1,100,0
1,100,0
1,100,0
1,100,0
1,100,0
1,100,0
1,100,0
1,100,0
1,100,0
1,100,0
1,100,0
1,100,0
1,100,0
1,100,0
1,100,0
1,100,0
1,100,0
1,100,0
1,100,0
1,100,0
1,100,0
1,100,0
1,100,0
1,100,0
1,100,0
1,100,0
1,100,0
1,100,0
1,100,0
1,100,0
1,100,0
1,100,0
1,100,0
1,100,0
1,100,0
1,100,0
1,100,0
1,100,0
1,100,0
1,100,0
1,100,0
1,100,0
1,100,0
1,100,0
1,100,0
1,100,0
1,100,0
1,100,0
1,100,0
1,100,0
1,100,0
1,100,0
1,100,0
1,100,0
1,100,0
1,100,0
1,100,0
1,100,0
1,100,0
1,100,0
1,100,0
1,100,0
1,100,0
1,100,0
1,100,0
1,100,0
1,100,0
#MOTOR_B2
2,62,1
2,62,2
2,63,2
2,64,3
2,64,4
2,64,4
2,64,0
2,64,0
2,65,0
2,65,0
2,65,0
2,65,0
2,65,0
2,66,0
2,66,0
2,66,0
2,66,0
2,67,0
2,67,0
2,67,0
2,67,1
2,67,2
2,68,3
2,68,3
2,68,4
2,68,5
2,69,5
2,69,6
2,69,7
2,69,7
2,69,8
2,70,9
2,70,9
2,70,10
2,70,11
2,71,11
2,71,12
2,71,13
2,71,13
2,71,14
2,72,15
2,72,15
2,72,16
2,72,17
2,72,17
2,73,18
2,73,19
2,73,19
2,73,20
2,74,21
2,74,22
2,74,22
2,74,23
2,74,24
2,75,24
2,75,25
2,75,26
2,75,26
2,76,27
2,76,28
2,76,28
2,76,29
2,76,30
2,77,30
2,77,31
2,77,32
2,77,32
2,78,33
2,78,34
2,78,34
2,78,35
2,78,36
2,79,36
2,79,37
2,79,38
2,79,38
2,80,39
2,80,40
2,80,40
2,80,41
2,80,41
2,81,41
2,81,42
2,81,42
2,81,42
2,82,43
2,82,43
2,82,44
2,82,44
2,82,44
2,83,45
2,83,45
2,83,46
2,83,46
2,84,46
2,84,47
2,84,47
2,84,48
2,84,48
2,85,48
2,85,49
2,85,49
2,85,50
2,86,50
2,86,50
2,86,51
2,86,51
2,86,52
2,87,52
2,87,52
2,87,53
2,87,53
2,88,54
2,88,54
2,88,54
2,88,55
2,88,55
2,89,55
2,89,56
2,89,56
2,89,57
2,90,57
2,90,57
2,90,58
2,90,58
2,90,59
2,91,59
2,91,59
2,91,60
2,91,60
2,92,61
2,92,61
2,92,61
2,92,62
2,92,62
2,93,63
2,93,63
2,93,63
2,93,64
2,93,64
2,94,65
2,94,65
2,94,65
2,94,66
2,95,66
2,95,67
2,95,67
2,95,67
2,95,68
2,96,68
2,96,68
2,96,69
2,96,69
2,97,70
2,97,70
2,97,70
2,97,71
2,97,71
2,98,72
2,98,72
2,98,72
2,98,73
2,99,73
2,99,74
2,99,74
2,99,73
2,99,73
2,100,73
2,100,74
2,100,74
2,100,74
2,101,74
2,101,75
2,101,75
2,101,75
2,101,75
2,102,76
2,102,76
2,102,76
2,102,76
2,103,77
2,103,77
2,103,77
2,103,77
2,103,78
2,104,78
2,104,78
2,104,78
2,104,79
2,105,79
2,105,79
2,105,79
2,105,80
2,105,80
2,106,80
2,106,80
2,106,81
2,106,81
2,107,81
2,107,81
2,107,82
2,107,82
2,107,82
2,108,82
2,108,83
2,108,83
2,108,83
2,109,83
2,109,84
2,109,84
2,109,84
2,109,84
2,110,85
2,110,85
2,110,85
2,110,85
2,110,85
2,111,85
2,111,85
2,111,85
2,111,85
2,112,85
2,112,85
2,112,85
2,112,85
2,112,85
2,113,85
2,113,85
2,113,85
2,113,85
2,114,85
2,114,85
2,114,85
2,114,85
2,114,85
2,115,85
2,115,85
2,115,85
2,115,85
2,116,85
2,116,85
2,116,85
2,116,85
2,116,85
2,117,85
2,117,85
2,117,85
2,117,85
2,118,85
2,118,85
2,118,85
2,118,85
2,118,85
2,119,85
2,119,85
2,119,85
2,119,85
2,120,85
2,120,85
2,120,85
2,120,85
2,120,85
2,121,85
2,121,85
2,121,85
2,121,85
2,122,85
2,122,85
2,122,85
2,122,85
2,122,85
2,123,85
2,123,85
2,123,85
2,123,85
2,124,85
2,124,85
2,124,85
2,124,85
2,124,85
2,125,85
2,125,85
2,125,85
2,125,85
2,126,85
2,126,85
2,126,85
2,126,85
2,126,85
2,127,85
2,127,85
2,127,85
2,127,85
2,128,85
2,128,85
2,128,85
2,128,85
2,128,85
2,129,85
2,129,85
2,129,85
2,129,85
2,130,85
2,130,85
2,130,85
2,130,85
2,130,85
2,131,85
2,131,85
2,131,85
2,131,85
2,131,85
2,132,85
2,132,85
2,132,85
2,132,85
2,133,85
2,133,85
2,133,85
2,133,84
2,133,84
2,134,83
2,134,83
2,134,83
2,134,82
2,135,82
2,135,81
2,135,81
2,135,81
2,135,80
2,136,80
2,136,80
2,136,79
2,136,79
2,137,78
2,137,78
2,137,78
2,137,77
2,137,77
2,138,76
2,138,76
2,138,76
2,139,75
2,139,75
2,139,74
2,139,74
2,139,74
2,139,73
2,139,73
2,140,72
2,140,72
2,140,72
2,140,71
2,140,71
2,140,71
2,140,70
2,140,70
2,140,69
2,140,69
2,140,69
2,140,68
2,140,68
2,141,67
2,141,67
2,141,67
2,141,66
2,141,66
2,141,65
2,141,65
2,141,65
2,141,64
2,141,64
2,141,64
2,141,63
2,141,63
2,141,62
2,142,62
2,142,62
2,142,61
2,142,60
2,142,59
2,142,58
2,142,57
2,142,56
2,142,55
2,142,54
2,142,53
2,142,52
2,142,51
2,143,50
2,143,50
2,143,49
2,143,48
2,143,47
2,144,46
2,144,45
2,144,44
2,144,43
2,144,42
2,144,41
2,144,40
2,144,39
2,144,38
2,144,37
2,145,36
2,145,35
2,145,34
2,145,33
2,145,32
2,145,31
2,145,30
2,145,30
2,145,29
2,145,28
2,145,27
2,145,26
2,145,25
2,145,24
2,145,23
2,145,22
2,145,21
2,145,20
2,145,19
2,146,18
2,146,17
2,146,16
2,146,15
2,146,14
2,146,13
2,146,12
2,146,11
2,146,10
2,146,10
2,146,9
2,146,8
2,146,7
2,146,6
2,146,5
2,146,4
2,146,3
2,146,2
2,146,1
-1,147,0
-1,147,0
-1,147,0
-1,147,0
-1,147,0
-1,147,0
-1,147,0
-1,147,0
-1,147,0
-1,147,0
-1,147,0
-1,147,0
-1,147,0
-1,147,0
-1,147,0
-1,147,0
-1,147,0
-1,147,0
-1,147,0
-1,148,0
-1,148,0
-1,148,0
-1,148,0
-1,148,0
-1,148,0
-1,148,0
-1,148,0
-1,148,0
-1,148,0
-1,148,0
-1,148,0
-1,148,0
-1,148,0
-1,148,0
-1,148,0
-1,148,0
-1,148,0
-1,148,0
-1,148,0
-1,148,0
-1,148,0
-1,148,0
-1,148,0
-1,148,0
-1,148,0
-1,148,0
-1,148,0
-1,148,0
-1,148,0
-1,148,0
-1,148,0
-1,148,0
-1,148,0
-1,148,0
-1,148,0
-1,148,0
-1,148,0
-1,148,0
-1,148,0
-1,148,0
-1,148,0
-1,148,0
-1,148,0
-1,148,0
-1,148,0
-1,148,0
-1,148,0
-1,148,0
-1,148,0
-1,148,0
-1,148,0
-1,148,0
-1,148,0
-1,148,0
-1,148,0
-1,148,0
-1,148,0
-1,148,0
-1,148,0
-1,148,0
-1,148,0
-1,148,0
-1,148,0
-1,148,0
-1,148,0
-1,148,0
-1,147,0
-1,147,0
-1,147,0
-1,147,0
-1,147,0
-1,147,0
-1,147,0
-1,147,0
-1,147,0
-1,147,0
-1,147,0
-1,147,0
-1,147,0
-1,147,0
-1,147,0
-1,147,0
-1,147,0
-1,147,0
-1,147,0
-1,147,0
-1,147,0
-1,147,0
-1,147,0
-1,147,0
-1,147,0
-1,147,0
-1,147,0
-1,147,0
-1,147,0
-1,147,0
-1,147,0
-1,147,0
-1,147,0
-1,147,0
-1,147,0
-1,147,0
-1,147,0
-1,147,0
-1,147,0
-1,147,0
-1,147,0
-1,147,0
-1,147,0
-1,147,0
-1,147,0
-1,147,0
-1,147,0
-1,147,0
-1,147,0
-1,147,0
-1,147,0
-1,147,0
-1,147,0
-1,147,0
-1,147,0
-1,147,0
-1,147,0
-1,147,0
-1,147,0
-1,147,0
-1,147,0
-1,147,0
-1,147,0
-1,147,0
-1,147,0
-1,147,0
-1,147,0
-1,147,0
-1,147,0
-1,147,0
-1,147,0
-1,147,0
-1,147,0
-1,147,0
-1,147,0
-1,147,0
-1,147,0
-1,147,0
-1,147,0
-1,147,0
-1,147,0
-1,147,0
-1,147,0
-1,147,0
-1,147,0
-1,147,0
-1,147,0
-1,147,0
-1,147,0
-1,147,0
-1,147,0
-1,147,0
-1,147,0
-1,147,0
-1,147,0
-1,147,0
-1,147,0
-1,147,0
-1,147,0
-1,147,0
-1,147,0
-1,147,0
-1,147,0
-1,147,0
-1,147,0
-1,147,0
-1,147,0
-1,147,0
-1,147,0
-1,147,0
-1,147,0
-1,147,0
-1,147,0
-1,147,0
-1,147,0
-1,147,0
-1,147,0
-1,147,0
-1,147,0
-1,147,0
-1,147,0
-1,147,0
-1,147,0
-1,147,0
-1,147,0
-1,147,0
-1,147,0
-1,147,0
-1,147,0
-1,147,0
-1,147,0
-1,147,0
-1,147,0
-1,147,0
-1,147,0
-1,147,0
-1,147,0
-1,147,0
-1,147,0
-1,147,0
-1,147,0
-1,147,0
-1,147,0
-1,147,0
-1,147,0
-1,147,0
-1,147,0
-1,147,0
-1,147,0
-1,147,0
-1,147,0
-1,147,0
-1,147,0
-1,147,0
-1,147,0
-1,147,0
-1,147,0
-1,147,0
-1,147,0
-1,147,0
-1,147,0
-1,147,0
-1,147,0
-1,147,0
-1,147,0
-1,147,0
-1,147,0
-1,147,0
-1,147,0
-1,147,0
-1,147,0
-1,147,0
-1,147,0
-1,147,0
-1,147,0
-1,147,0
-1,147,0
-1,147,0
-1,147,0
-1,147,0
-1,147,0
-1,147,0
-1,147,0
-1,147,0
-1,147,0
-1,147,0
-1,147,0
-1,147,0
-1,147,0
-1,147,0
-1,147,0
-1,147,0
-1,147,0
-1,147,0
-1,147,0
-1,147,0
-1,147,0
-1,147,0
-1,147,0
-1,147,0
-1,147,0
-1,147,0
-1,147,0
-1,147,0
-1,147,0
-1,147,0
-1,147,0
-1,147,0
-1,147,0
-1,147,0
-1,147,0
-1,147,0
-1,147,0
-1,147,0
-1,147,0
-1,147,0
-1,147,0
-1,147,0
-1,147,0
-1,147,0
-1,147,0
-1,147,0
-1,147,0
-1,147,0
-1,147,0
-1,147,0
-1,147,0
-1,147,0
-1,147,0
-1,147,0
-1,147,0
-1,147,0
-1,147,0
-1,147,0
-1,147,0
-1,147,0
-1,147,0
-1,147,0
-1,147,0
-1,147,0
-1,147,0
-1,147,0
-1,147,0
-1,147,0
-1,147,0
-1,147,0
-1,147,0
-1,147,0
-1,147,0
-1,147,0
-1,147,0
-1,147,0
-1,147,0
-1,147,0
-1,147,0
-1,147,0
-1,147,0
-1,147,0
-1,147,0
-1,147,0
-1,147,0
-1,147,0
-1,147,0
-1,147,0
-1,147,0
-1,147,0
-1,147,0
-1,147,0
-1,147,0
-1,147,0
-1,147,0
2,147,0
#
