BVE2000000
#ACCELERATION
1,0.8,11,11,1.013571
1.5,1.3,30,40,1.04935
2,1.8,50,60,1.296551
2.6,2.3,70,80,1.712738
0,0,0,0,1
0,0,0,0,1
0,0,0,0,1
0,0,0,0,1
#PERFORMANCE
4.5
0.35
#DELAY
0.4
0.2
0.3
0.3
0.1
0.1
#MOVE
70
70
500
500
180
180
#BRAKE
1
2
1
#PRESSURE
250
270
527
586
#HANDLE
1
4
3
0
#COCKPIT
-730
2800
-1500
#CAR
40
2
40
1
23.8
1
#DEVICE
1
0
1
0
0
2
0
0
#MOTOR_P1
-1,100,60
-1,100,60
-1,100,60
-1,100,60
-1,100,60
5,100,60
5,100,60
5,100,60
5,100,60
5,100,60
5,100,60
5,100,60
5,100,60
1,88,0
1,88,5
1,88,10
1,88,15
1,88,20
1,88,25
1,90,30
1,96,30
1,102,32
1,108,35
1,114,35
1,120,36
1,90,36
1,96,37
1,102,37
1,108,38
1,114,38
1,120,38
1,84,38
1,89,38
1,94,38
1,99,39
1,104,39
1,109,39
1,114,39
1,119,39
1,124,39
1,128,39
1,87,39
1,90,39
1,93,40
1,96,40
1,99,40
1,102,40
1,105,40
1,108,40
1,111,40
1,114,40
1,83,40
1,86,40
1,88,40
1,91,40
1,94,40
1,96,40
1,99,40
1,71,40
1,73,40
1,74,40
1,76,40
1,77,40
1,79,40
1,80,40
1,82,40
1,83,40
1,85,40
1,86,40
1,88,40
1,89,40
1,91,40
1,92,40
1,94,40
1,95,40
1,97,40
1,98,40
1,100,40
1,101,40
1,103,40
1,104,40
1,106,40
1,107,40
1,109,40
1,100,40
1,101,40
1,102,40
1,104,40
1,105,40
1,106,40
1,108,40
1,109,40
1,110,39
1,111,39
1,112,39
1,114,39
1,115,39
1,116,39
1,118,39
1,119,39
1,120,39
1,98,39
1,99,39
1,101,39
1,102,39
1,103,39
1,104,39
1,106,39
1,107,39
1,108,39
1,110,39
1,111,39
1,112,39
1,113,39
1,115,39
1,116,39
1,117,39
1,119,39
1,120,39
1,121,39
1,122,39
1,124,39
1,125,39
1,126,39
1,128,39
1,129,39
1,130,39
1,131,39
1,133,39
1,134,39
1,134,39
3,81,39
3,82,39
3,82,39
3,83,39
3,83,39
3,83,39
3,84,39
3,84,39
3,84,39
3,85,39
3,85,39
3,85,39
3,86,39
3,86,39
3,86,39
3,86,39
3,87,39
3,87,39
3,87,39
3,88,39
3,88,39
3,88,39
3,89,39
3,89,39
3,89,39
3,90,39
3,90,38
3,90,38
3,91,38
3,91,38
3,91,38
3,92,38
3,92,38
3,92,38
3,93,38
3,93,38
3,93,38
3,94,38
3,94,38
3,94,38
3,95,38
3,95,38
3,95,38
3,96,38
3,96,38
3,96,38
3,97,38
3,97,38
3,97,38
3,98,38
3,98,39
3,98,39
3,99,39
3,99,40
3,99,40
3,100,40
3,100,40
3,100,40
3,101,41
3,101,41
3,101,41
3,102,42
3,102,42
3,102,42
3,102,42
3,103,42
3,103,43
3,103,43
3,104,43
3,104,44
3,104,44
3,105,44
3,105,44
3,105,45
3,106,46
3,106,47
3,106,48
3,107,49
3,107,50
3,107,50
3,108,51
3,108,52
3,108,53
3,109,54
3,109,55
3,109,56
3,110,57
3,110,58
3,110,57
3,111,56
3,111,54
3,111,53
3,112,52
3,112,51
3,112,50
3,113,48
3,113,47
3,113,46
3,114,45
3,114,44
3,114,42
3,115,41
3,115,40
3,115,39
3,116,37
3,116,36
3,116,35
3,117,34
3,117,33
3,117,31
3,117,30
3,118,29
3,118,30
3,118,30
3,118,30
3,119,31
3,119,32
3,119,32
3,119,32
3,120,32
3,120,32
3,120,33
3,120,33
3,121,34
3,121,34
3,121,35
3,121,35
3,122,35
3,122,36
3,122,36
3,122,36
3,123,36
3,123,36
3,123,37
3,123,37
3,124,37
3,124,37
3,124,37
3,124,38
3,125,38
3,125,38
3,125,38
3,125,38
3,126,38
3,126,38
3,126,39
3,126,39
3,127,39
3,127,39
3,127,39
3,127,40
3,128,40
3,128,40
3,128,40
3,128,40
3,129,40
3,129,40
3,129,41
3,129,41
3,130,41
3,130,41
3,130,41
3,130,42
3,130,42
3,131,42
3,131,42
3,131,42
3,131,42
3,132,42
3,132,42
3,132,42
3,132,42
3,133,42
3,133,42
3,133,42
3,133,42
3,134,43
3,134,43
3,134,43
3,134,43
3,135,43
3,135,43
3,135,43
3,135,43
3,136,43
3,136,43
3,136,43
3,136,43
3,137,43
3,137,43
3,137,43
3,137,43
3,138,43
3,138,43
3,138,44
3,138,44
3,139,44
3,139,44
3,139,44
3,139,44
3,140,44
3,140,44
3,140,44
3,140,44
3,141,44
3,141,44
3,141,44
3,141,44
3,142,44
3,142,44
3,142,44
3,142,45
3,143,45
3,143,45
3,143,45
3,143,45
3,144,45
3,144,45
3,144,45
3,144,45
3,144,45
3,145,45
3,145,45
3,145,45
3,145,45
3,145,45
3,145,45
3,146,45
3,146,45
3,146,46
3,146,46
3,146,46
3,147,46
3,147,46
3,147,46
3,147,46
3,147,46
3,147,46
3,148,46
3,148,46
3,148,46
3,148,46
3,148,46
3,149,46
3,149,46
3,149,46
3,149,46
3,149,46
3,149,46
3,150,46
3,150,46
3,150,46
3,150,46
3,150,46
3,151,46
3,151,46
3,151,47
3,151,47
3,151,47
3,151,47
3,152,47
3,152,47
3,152,47
3,152,47
3,152,47
3,153,47
3,153,47
3,153,47
3,153,47
3,153,47
3,153,47
3,154,47
3,154,47
3,154,47
3,154,47
3,154,47
3,154,47
3,155,47
3,155,47
3,155,47
3,155,47
3,155,47
3,156,47
3,156,47
3,156,47
3,156,47
3,156,47
3,156,47
3,157,47
3,157,48
3,157,48
3,157,48
3,157,48
3,158,48
3,158,48
3,158,48
3,158,48
3,158,48
3,158,48
3,159,48
3,159,48
3,159,48
3,159,48
3,159,48
3,160,48
3,160,48
3,160,48
3,160,48
3,160,48
3,160,48
3,161,48
3,161,48
3,161,48
3,161,48
3,161,48
3,162,48
3,162,48
3,162,48
3,162,48
3,162,48
3,162,48
3,163,48
3,163,48
3,163,48
3,163,49
3,163,49
3,164,49
3,164,49
3,164,49
3,164,49
3,164,49
3,164,49
3,165,49
3,165,49
3,165,49
3,165,49
3,165,49
3,165,49
3,166,49
3,166,49
3,166,49
3,166,49
3,166,49
3,166,49
3,166,49
3,166,49
3,166,49
3,166,49
3,166,49
3,166,49
3,167,49
3,167,49
3,167,49
3,167,49
3,167,49
3,167,49
3,167,49
3,167,50
3,167,50
3,167,50
3,167,50
3,168,50
3,168,50
3,168,50
3,168,50
3,168,50
3,168,50
3,168,50
3,168,50
3,168,50
3,168,50
3,168,50
3,168,50
3,169,50
3,169,50
3,169,50
3,169,50
3,169,50
3,169,50
3,169,50
3,169,50
3,169,50
3,169,50
3,169,50
3,170,50
3,170,50
3,170,50
3,170,50
3,170,50
3,170,50
3,170,50
3,170,50
3,170,51
3,170,51
3,170,51
3,170,51
3,171,51
3,171,51
3,171,51
3,171,51
3,171,51
3,171,51
3,171,51
3,171,51
3,171,51
3,171,51
3,171,51
3,172,51
3,172,51
3,172,51
3,172,51
3,172,51
3,172,51
3,172,51
3,172,51
3,172,51
3,172,51
3,172,51
3,172,51
3,173,51
3,173,51
3,173,51
3,173,51
3,173,51
3,173,51
3,173,52
3,173,52
3,173,52
3,173,52
3,173,52
3,174,52
3,174,52
3,174,52
3,174,52
3,174,52
3,174,52
3,174,52
3,174,52
3,174,52
3,174,52
3,174,52
3,174,52
3,175,52
3,175,52
3,175,52
3,175,52
3,175,52
3,175,52
3,175,52
3,175,52
3,175,52
3,175,52
3,175,52
3,176,52
3,176,52
3,176,52
3,176,52
3,176,52
3,176,52
3,176,52
3,176,53
3,176,53
3,176,53
3,176,53
3,176,53
3,177,53
3,177,53
3,177,53
3,177,53
3,177,53
3,177,53
3,177,53
3,177,53
3,177,53
3,177,53
3,177,53
3,178,53
3,178,53
3,178,53
3,178,53
3,178,53
3,178,53
3,178,53
3,178,53
3,178,53
3,178,53
3,178,53
3,178,53
3,179,53
3,179,53
3,179,53
3,179,53
3,179,53
3,179,53
3,179,53
3,179,53
3,179,54
3,179,54
3,179,54
3,180,54
3,180,54
3,180,54
3,180,54
3,180,54
3,180,54
3,180,54
3,180,54
3,180,54
3,180,54
3,180,54
3,180,54
3,181,54
3,181,54
3,181,54
3,181,54
3,181,54
3,181,54
3,181,54
3,181,54
3,181,54
3,181,54
3,181,54
3,181,54
3,181,54
3,181,54
3,181,54
3,181,54
3,181,54
3,182,54
3,182,54
3,182,54
3,182,54
3,182,54
3,182,54
3,182,54
3,182,54
3,182,54
3,182,54
3,182,54
3,182,54
3,182,54
3,182,54
3,182,54
3,182,54
3,182,54
3,182,55
3,182,55
3,182,55
3,182,55
3,182,55
3,182,55
3,183,55
3,183,55
3,183,55
3,183,55
3,183,55
3,183,55
3,183,55
3,183,55
3,183,55
3,183,55
3,183,55
3,183,55
3,183,55
3,183,55
3,183,55
3,183,55
3,183,55
3,183,55
3,183,55
3,183,55
3,183,55
3,183,55
3,183,55
3,184,55
3,184,55
3,184,55
3,184,55
3,184,55
3,184,55
3,184,55
3,184,55
3,184,55
3,184,55
3,184,55
3,184,55
3,184,55
3,184,55
3,184,55
3,184,55
3,184,55
3,184,55
3,184,55
3,184,55
3,184,56
3,184,56
3,184,56
3,185,56
3,185,56
3,185,56
3,185,56
3,185,56
3,185,56
3,185,56
3,185,56
3,185,56
3,185,56
3,185,56
3,185,56
3,185,56
3,185,56
3,185,56
3,185,56
3,185,56
3,185,56
3,185,56
3,185,56
3,185,56
3,185,56
3,186,56
3,186,56
3,186,56
3,186,56
3,186,56
3,186,56
3,186,56
3,186,56
3,186,56
3,186,56
3,186,56
3,186,56
3,186,56
3,186,56
3,186,56
3,186,56
3,186,56
3,186,56
3,186,56
3,186,56
3,186,56
3,186,56
3,186,56
3,187,56
3,187,57
3,187,57
3,187,57
3,187,57
3,187,57
3,187,57
3,187,57
3,187,57
3,187,57
3,187,57
3,187,57
3,187,57
3,187,57
3,187,57
3,187,57
3,187,57
3,187,57
3,187,57
3,187,57
3,187,57
3,187,57
3,187,57
3,188,57
3,188,57
3,188,57
3,188,37
#MOTOR_P2
0,100,80
0,100,80
0,100,80
0,100,80
0,100,80
0,100,80
0,100,80
0,100,80
0,100,80
0,100,80
0,100,75
0,100,70
0,100,65
0,100,60
0,100,55
0,100,50
0,100,45
0,100,40
0,100,35
0,100,30
0,100,25
0,100,20
0,100,15
0,100,10
0,100,5
0,100,0
2,70,0
2,71,0
2,71,1
2,71,1
2,71,1
2,71,1
2,71,2
2,72,2
2,72,2
2,72,2
2,72,2
2,72,3
2,72,3
2,73,3
2,73,3
2,73,3
2,73,4
2,73,4
2,73,4
2,74,4
2,74,4
2,74,5
2,74,5
2,74,5
2,74,5
2,75,5
2,75,6
2,75,6
2,75,6
2,75,6
2,75,6
2,76,7
2,76,7
2,76,7
2,76,7
2,76,7
2,76,8
2,77,8
2,77,8
2,77,8
2,77,8
2,77,8
2,77,8
2,78,9
2,78,9
2,78,9
2,78,9
2,78,9
2,78,9
2,79,9
2,79,10
2,79,10
2,79,10
2,79,10
2,80,10
2,80,10
2,80,10
2,80,10
2,80,10
2,80,11
2,81,11
2,81,11
2,81,11
2,81,11
2,81,11
2,81,11
2,82,12
2,82,12
2,82,12
2,82,12
2,82,12
2,82,12
2,83,13
2,83,13
2,83,13
2,83,14
2,83,14
2,83,14
2,84,15
2,84,15
2,84,15
2,84,16
2,84,16
2,84,16
2,85,17
2,85,17
2,85,17
2,85,18
2,85,18
2,85,19
2,86,20
2,86,20
2,86,21
2,86,22
2,86,22
2,86,23
2,87,24
2,87,24
2,87,25
2,87,26
2,87,27
2,87,28
2,88,29
2,88,30
2,88,30
2,101,31
2,101,31
2,102,31
2,102,31
2,103,32
2,103,32
2,104,32
2,104,32
2,105,33
2,105,33
2,106,33
2,106,34
2,106,34
2,107,34
2,107,34
2,108,35
2,108,35
2,109,49
2,109,35
2,110,35
2,110,35
2,110,35
2,111,35
2,111,35
2,112,35
2,112,35
2,113,35
2,113,36
2,114,36
2,114,36
2,115,36
2,115,36
2,115,36
2,116,36
2,116,36
2,117,36
2,117,36
2,118,36
2,118,36
2,119,36
2,119,36
2,120,36
2,111,35
2,111,35
2,112,35
2,112,35
2,112,35
2,113,35
2,113,35
2,113,35
2,114,35
2,114,34
2,114,34
2,115,34
2,115,34
2,116,34
2,116,34
2,117,34
2,117,33
2,117,33
2,118,32
2,118,32
2,119,31
2,119,31
2,119,31
2,120,30
2,120,30
2,121,29
2,121,29
2,121,28
2,122,28
2,122,28
2,123,27
2,123,27
2,123,26
2,124,26
2,124,25
2,125,25
2,125,25
2,125,24
2,126,24
2,126,23
2,127,23
2,127,22
2,116,22
2,116,22
2,117,23
2,117,23
2,117,24
2,117,24
2,117,25
2,118,25
2,118,26
2,118,26
2,118,27
2,118,27
2,119,28
2,119,28
2,119,28
2,119,29
2,119,29
2,120,30
2,120,30
2,120,31
2,120,31
2,120,32
2,121,32
2,121,33
2,121,33
2,121,34
2,121,34
2,122,33
2,122,33
2,122,32
2,122,32
2,122,31
2,123,30
2,123,30
2,123,29
2,123,29
2,123,28
2,124,27
2,124,27
2,124,26
2,124,26
2,124,25
2,125,24
2,125,24
2,125,23
2,125,23
2,125,22
2,126,23
2,126,23
2,126,24
2,126,24
2,126,25
2,126,26
2,126,26
2,126,27
2,127,28
2,127,28
2,127,29
2,127,29
2,127,30
2,127,31
2,127,31
2,128,32
2,128,32
2,128,33
2,128,33
2,128,32
2,128,32
2,128,31
2,129,31
2,129,30
2,129,30
2,129,30
2,129,29
2,129,29
2,129,28
2,129,28
2,130,28
2,130,27
2,130,27
2,130,26
2,130,26
2,130,25
2,130,25
2,131,25
2,131,24
2,131,24
2,131,23
2,131,23
2,131,22
2,131,22
2,132,0
7,89,1
7,89,1
7,89,1
7,89,1
7,89,1
7,89,2
7,89,2
7,89,2
7,90,2
7,90,2
7,90,3
7,90,3
7,90,3
7,90,3
7,90,3
7,90,4
7,90,4
7,90,4
7,90,4
7,90,4
7,90,5
7,90,5
7,90,5
7,90,5
7,91,5
7,91,6
7,91,6
7,91,6
7,91,6
7,91,6
7,91,7
7,91,7
7,91,7
7,91,7
7,91,7
7,91,8
7,91,8
7,91,8
7,91,8
7,91,8
7,92,9
7,92,9
7,92,9
7,92,9
7,92,9
7,92,10
7,92,10
7,92,10
7,92,10
7,92,10
7,92,11
7,92,11
7,92,11
7,92,11
7,92,11
7,92,12
7,93,12
7,93,12
7,93,12
7,93,12
7,93,13
7,93,13
7,93,13
7,93,13
7,93,13
7,93,14
7,93,14
7,93,14
7,93,14
7,93,14
7,93,15
7,93,15
7,94,15
7,94,15
7,94,15
7,94,16
7,94,16
7,94,16
7,94,16
7,94,16
7,94,17
7,94,17
7,94,17
7,94,17
7,94,17
7,94,18
7,94,18
7,94,18
7,95,18
7,95,18
7,95,19
7,95,19
7,95,19
7,95,19
7,95,19
7,95,20
7,95,20
7,95,20
7,95,20
7,95,20
7,95,21
7,96,21
7,96,21
7,96,21
7,96,21
7,96,22
7,96,22
7,96,22
7,96,22
7,96,22
7,96,22
7,96,23
7,96,23
7,96,23
7,96,23
7,96,23
7,96,24
7,96,24
7,97,24
7,97,24
7,97,24
7,97,25
7,97,25
7,97,25
7,97,25
7,97,25
7,97,26
7,97,26
7,97,26
7,97,26
7,97,26
7,97,27
7,97,27
7,97,27
7,97,27
7,98,27
7,98,28
7,98,28
7,98,28
7,98,28
7,98,28
7,98,29
7,98,29
7,98,29
7,98,29
7,98,29
7,98,30
7,98,30
7,98,30
7,98,30
7,98,30
7,98,31
7,99,31
7,99,31
7,99,31
7,99,31
7,99,32
7,99,32
7,99,32
7,99,32
7,99,32
7,99,33
7,99,33
7,99,33
7,99,33
7,99,33
7,99,34
7,99,34
7,99,34
7,100,34
7,100,34
7,100,35
7,100,35
7,100,35
7,100,35
7,100,35
7,100,36
7,100,36
7,100,36
7,100,36
7,100,36
7,100,37
7,100,37
7,100,37
7,100,37
7,100,37
7,101,38
7,101,38
7,101,38
7,101,38
7,101,38
7,101,39
7,101,39
7,101,39
7,101,39
7,101,39
7,101,40
7,101,40
7,101,40
7,101,40
7,101,40
7,101,41
7,101,41
7,102,41
7,102,41
7,102,41
7,102,42
7,102,42
7,102,42
7,102,42
7,102,42
7,102,43
7,102,43
7,102,43
7,102,43
7,102,44
7,102,44
7,102,44
7,102,44
7,102,44
7,103,44
7,103,45
7,103,45
7,103,45
7,103,45
7,103,45
7,103,45
7,103,45
7,103,46
7,103,46
7,103,46
7,103,46
7,103,46
7,103,46
7,103,47
7,103,47
7,103,47
7,104,47
7,104,47
7,104,47
7,104,47
7,104,48
7,104,48
7,104,48
7,104,48
7,104,48
7,104,48
7,104,49
7,104,49
7,104,49
7,104,49
7,104,49
7,104,49
7,104,49
7,105,50
7,105,50
7,105,50
7,105,50
7,105,50
7,105,50
7,105,50
7,105,51
7,105,51
7,105,51
7,105,51
7,105,51
7,105,51
7,105,52
7,105,52
7,105,52
7,105,52
7,106,52
7,106,52
7,106,52
7,106,53
7,106,53
7,106,53
7,106,53
7,106,53
7,106,53
7,106,54
7,106,54
7,106,54
7,106,54
7,106,54
7,106,54
7,106,54
7,106,55
7,107,55
7,107,55
7,107,55
7,107,55
7,107,55
7,107,56
7,107,56
7,107,56
7,107,56
7,107,56
7,107,56
7,107,56
7,107,57
7,107,57
7,107,57
7,107,57
7,107,57
7,108,57
7,108,57
7,108,57
7,108,57
7,108,57
7,108,57
7,108,57
7,108,58
7,108,58
7,108,58
7,108,58
7,108,58
7,108,58
7,108,58
7,108,58
7,108,58
7,108,58
7,109,58
7,109,58
7,109,59
7,109,59
7,109,59
7,109,59
7,109,59
7,109,59
7,109,59
7,109,59
7,109,59
7,109,59
7,109,59
7,109,60
7,109,60
7,109,60
7,109,60
7,110,60
7,110,60
7,110,60
7,110,60
7,110,60
7,110,60
7,110,60
7,110,60
7,110,61
7,110,61
7,110,61
7,110,61
7,110,61
7,110,61
7,110,61
7,110,61
7,110,61
7,111,61
7,111,61
7,111,61
7,111,62
7,111,62
7,111,62
7,111,62
7,111,62
7,111,62
7,111,62
7,111,62
7,111,62
7,111,62
7,111,62
7,111,63
7,111,63
7,111,63
7,112,63
7,112,63
7,112,63
7,112,63
7,112,63
7,112,63
7,112,63
7,112,63
7,112,63
7,112,64
7,112,64
7,112,64
7,112,64
7,112,64
7,112,64
7,112,64
7,112,64
7,113,64
7,113,64
7,113,64
7,113,64
7,113,65
7,113,65
7,113,65
7,113,65
7,113,65
7,113,65
7,113,65
7,113,65
7,113,65
7,113,65
7,113,65
7,113,66
7,113,66
7,114,66
7,114,66
7,114,66
7,114,66
7,114,66
7,114,66
7,114,66
7,114,66
7,114,66
7,114,66
7,114,67
7,114,67
7,114,67
7,114,67
7,114,67
7,114,67
7,114,67
7,115,67
7,115,67
7,115,67
7,115,67
7,115,68
7,115,68
7,115,68
7,115,68
7,115,68
7,116,68
7,116,68
7,116,68
7,116,68
7,116,68
7,116,68
7,116,68
7,116,69
7,116,69
7,116,69
7,116,69
7,116,69
7,116,69
7,116,69
7,116,69
7,116,69
7,116,69
7,117,69
7,117,70
7,117,70
7,117,70
7,117,70
7,117,70
7,117,70
7,117,70
7,117,70
7,117,70
7,117,70
7,117,70
7,117,70
7,117,71
7,117,71
7,117,71
7,117,71
7,118,71
7,118,71
7,118,71
7,118,71
7,118,71
7,118,71
7,118,71
7,118,71
7,118,71
7,118,71
7,118,71
7,118,71
7,118,72
7,118,72
7,118,72
7,118,72
7,118,72
7,119,72
7,119,72
7,119,72
7,119,72
7,119,72
7,119,72
7,119,72
7,119,72
7,119,72
#MOTOR_B1
-1,72,101
-1,72,40
-1,72,40
-1,72,40
-1,72,41
-1,72,41
-1,72,41
-1,72,42
-1,72,42
-1,72,42
-1,72,42
-1,72,42
-1,72,43
-1,72,41
-1,72,42
-1,72,42
-1,72,42
-1,72,46
-1,72,46
-1,72,47
3,28,47
3,32,47
3,36,48
3,40,48
3,44,48
3,47,49
3,51,49
3,55,49
3,59,50
3,37,50
3,40,50
3,43,50
3,45,51
3,48,51
3,51,51
3,54,52
3,57,52
3,60,52
3,62,53
3,65,53
3,68,54
3,48,54
3,50,54
3,52,54
3,54,54
3,57,54
3,59,55
3,61,55
3,63,55
3,65,55
3,68,55
3,70,56
3,49,56
3,51,56
3,53,56
3,54,56
3,56,56
3,58,57
3,60,57
3,62,57
3,64,57
3,66,57
3,67,57
3,69,58
3,71,58
3,73,58
3,75,58
3,76,58
3,78,58
3,80,58
3,82,58
3,82,58
3,65,58
3,67,58
3,69,58
3,71,58
3,73,58
3,75,58
3,77,58
3,79,58
3,81,58
3,83,58
3,85,58
3,87,58
3,89,58
3,91,58
3,92,58
3,94,58
3,96,58
3,98,58
3,90,58
3,92,58
3,93,58
3,94,58
3,95,58
3,96,58
3,97,58
3,98,58
3,99,58
3,100,58
3,101,58
3,102,58
3,103,58
3,104,58
3,70,58
3,71,58
3,72,58
3,73,58
3,74,57
3,75,57
3,76,57
3,77,57
3,78,57
3,79,57
3,80,57
3,81,57
3,82,57
3,83,57
3,84,57
3,85,57
3,86,57
3,87,57
3,88,57
3,89,57
3,90,56
3,91,56
3,92,56
3,93,56
3,94,56
3,95,56
3,96,56
3,97,56
3,98,56
3,99,56
3,100,56
3,90,56
3,91,56
3,92,56
3,93,56
3,94,56
3,95,56
3,96,55
3,97,55
3,98,55
3,99,55
3,100,55
3,100,55
3,101,55
3,101,55
3,102,55
3,102,55
3,103,55
3,103,54
3,104,54
3,104,54
3,105,54
3,105,54
3,106,53
3,106,53
3,107,53
3,107,53
3,108,53
3,108,52
3,109,52
3,109,52
3,110,52
3,110,52
3,111,51
3,111,51
3,112,51
3,112,51
3,113,51
3,113,50
3,114,50
3,114,50
3,114,50
3,115,50
3,115,49
3,115,49
3,116,49
3,116,49
3,116,49
3,117,48
3,117,48
3,117,48
3,118,48
3,118,48
3,118,47
3,119,47
3,119,47
3,119,47
3,120,47
3,120,46
3,120,46
3,121,46
3,121,46
3,121,46
3,122,45
3,122,45
-1,92,45
-1,92,39
-1,92,37
-1,93,37
-1,93,109
-1,93,109
-1,94,109
-1,94,109
-1,94,109
-1,94,109
-1,95,109
-1,95,109
-1,95,109
-1,96,109
-1,96,110
-1,96,110
-1,97,110
-1,97,110
-1,97,110
-1,98,110
-1,98,110
-1,98,110
-1,98,110
-1,99,110
-1,99,110
-1,99,110
-1,100,110
-1,100,110
-1,100,110
-1,101,110
-1,101,110
-1,101,110
-1,101,110
-1,102,110
-1,102,110
-1,102,110
-1,103,111
-1,103,111
-1,103,111
-1,104,111
-1,104,111
-1,104,111
-1,105,111
-1,105,111
-1,105,111
-1,105,111
-1,106,111
-1,106,111
-1,106,111
-1,107,111
-1,107,111
-1,107,111
-1,107,111
-1,107,111
-1,108,111
-1,108,111
-1,108,111
-1,108,111
-1,108,112
-1,109,112
-1,109,112
-1,109,112
-1,109,112
-1,110,112
-1,110,112
-1,110,112
-1,110,112
-1,111,112
-1,111,112
-1,111,112
-1,111,112
-1,112,112
-1,112,112
-1,112,112
-1,112,112
-1,112,112
-1,113,112
-1,113,112
-1,113,112
-1,113,112
-1,113,112
-1,113,113
-1,114,113
-1,114,113
-1,114,113
-1,114,113
-1,114,113
-1,114,113
-1,114,113
-1,115,113
-1,115,113
-1,115,113
-1,115,113
-1,115,113
-1,115,113
-1,115,113
-1,116,113
-1,116,113
-1,116,113
-1,116,113
-1,116,113
-1,116,113
-1,88,113
7,89,1
7,89,1
7,89,1
7,89,1
7,89,1
7,89,2
7,89,2
7,89,2
7,90,2
7,90,2
7,90,3
7,90,3
7,90,3
7,90,3
7,90,3
7,90,4
7,90,4
7,90,4
7,90,4
7,90,4
7,90,5
7,90,5
7,90,5
7,90,5
7,91,5
7,91,6
7,91,6
7,91,6
7,91,6
7,91,6
7,91,7
7,91,7
7,91,7
7,91,7
7,91,7
7,91,8
7,91,8
7,91,8
7,91,8
7,91,8
7,92,9
7,92,9
7,92,9
7,92,9
7,92,9
7,92,10
7,92,10
7,92,10
7,92,10
7,92,10
7,92,11
7,92,11
7,92,11
7,92,11
7,92,11
7,92,12
7,93,12
7,93,12
7,93,12
7,93,12
7,93,13
7,93,13
7,93,13
7,93,13
7,93,13
7,93,14
7,93,14
7,93,14
7,93,14
7,93,14
7,93,15
7,93,15
7,94,15
7,94,15
7,94,15
7,94,16
7,94,16
7,94,16
7,94,16
7,94,16
7,94,17
7,94,17
7,94,17
7,94,17
7,94,17
7,94,18
7,94,18
7,94,18
7,95,18
7,95,18
7,95,19
7,95,19
7,95,19
7,95,19
7,95,19
7,95,20
7,95,20
7,95,20
7,95,20
7,95,20
7,95,21
7,96,21
7,96,21
7,96,21
7,96,21
7,96,22
7,96,22
7,96,22
7,96,22
7,96,22
7,96,22
7,96,23
7,96,23
7,96,23
7,96,23
7,96,23
7,96,24
7,96,24
7,97,24
7,97,24
7,97,24
7,97,25
7,97,25
7,97,25
7,97,25
7,97,25
7,97,26
7,97,26
7,97,26
7,97,26
7,97,26
7,97,27
7,97,27
7,97,27
7,97,27
7,98,27
7,98,28
7,98,28
7,98,28
7,98,28
7,98,28
7,98,29
7,98,29
7,98,29
7,98,29
7,98,29
7,98,30
7,98,30
7,98,30
7,98,30
7,98,30
7,98,31
7,99,31
7,99,31
7,99,31
7,99,31
7,99,32
7,99,32
7,99,32
7,99,32
7,99,32
7,99,33
7,99,33
7,99,33
7,99,33
7,99,33
7,99,34
7,99,34
7,99,34
7,100,34
7,100,34
7,100,35
7,100,35
7,100,35
7,100,35
7,100,35
7,100,36
7,100,36
7,100,36
7,100,36
7,100,36
7,100,37
7,100,37
7,100,37
7,100,37
7,100,37
7,101,38
7,101,38
7,101,38
7,101,38
7,101,38
7,101,39
7,101,39
7,101,39
7,101,39
7,101,39
7,101,40
7,101,40
7,101,40
7,101,40
7,101,40
7,101,41
7,101,41
7,102,41
7,102,41
7,102,41
7,102,42
7,102,42
7,102,42
7,102,42
7,102,42
7,102,43
7,102,43
7,102,43
7,102,43
7,102,43
7,102,43
7,102,43
7,102,43
7,102,44
7,103,44
7,103,44
7,103,44
7,103,44
7,103,44
7,103,45
7,103,45
7,103,45
7,103,45
7,103,45
7,103,45
7,103,45
7,103,46
7,103,46
7,103,46
7,103,46
7,103,46
7,104,46
7,104,47
7,104,47
7,104,47
7,104,47
7,104,47
7,104,47
7,104,47
7,104,48
7,104,48
7,104,48
7,104,48
7,104,48
7,104,48
7,104,49
7,104,49
7,104,49
7,105,49
7,105,49
7,105,49
7,105,50
7,105,50
7,105,50
7,105,50
7,105,50
7,105,50
7,105,50
7,105,51
7,105,51
7,105,51
7,105,51
7,105,51
7,105,51
7,105,52
7,106,52
7,106,52
7,106,52
7,106,52
7,106,52
7,106,52
7,106,53
7,106,53
7,106,53
7,106,53
7,106,53
7,106,53
7,106,54
7,106,54
7,106,54
7,106,54
7,106,54
7,107,54
7,107,54
7,107,55
7,107,55
7,107,55
7,107,55
7,107,55
7,107,55
7,107,56
7,107,56
7,107,56
7,107,56
7,107,56
7,107,56
7,107,56
7,107,56
7,107,57
7,108,57
7,108,57
7,108,57
7,108,57
7,108,57
7,108,57
7,108,57
7,108,57
7,108,57
7,108,57
7,108,58
7,108,58
7,108,58
7,108,58
7,108,58
7,108,58
7,108,58
7,109,58
7,109,58
7,109,58
7,109,58
7,109,59
7,109,59
7,109,59
7,109,59
7,109,59
7,109,59
7,109,59
7,109,59
7,109,59
7,109,59
7,109,59
7,109,60
7,109,60
7,110,60
7,110,60
7,110,60
7,110,60
7,110,60
7,110,60
7,110,60
7,110,60
7,110,60
7,110,61
7,110,61
7,110,61
7,110,61
7,110,61
7,110,61
7,110,61
7,110,61
7,111,61
7,111,61
7,111,61
7,111,62
7,111,62
7,111,62
7,111,62
7,111,62
7,111,62
7,111,62
7,111,62
7,111,62
7,111,62
7,111,62
7,111,63
7,111,63
7,111,63
7,112,63
7,112,63
7,112,63
7,112,63
7,112,63
7,112,63
7,112,63
7,112,63
7,112,64
7,112,64
7,112,64
7,112,64
7,112,64
7,112,64
7,112,64
7,112,64
7,112,64
7,113,64
7,113,64
7,113,65
7,113,65
7,113,65
7,113,65
7,113,65
7,113,65
7,113,65
7,113,65
7,113,65
7,113,65
7,113,65
7,113,66
7,113,66
7,113,66
7,113,66
7,114,66
7,114,66
7,114,66
7,114,66
7,114,66
7,114,66
7,114,66
7,114,67
7,114,67
7,114,67
7,114,67
7,114,67
7,114,67
7,114,67
7,114,67
7,114,67
7,114,67
7,115,67
7,115,68
7,115,68
7,115,68
7,115,68
7,115,68
7,115,68
7,115,68
7,115,68
7,116,68
7,116,68
7,116,68
7,116,69
7,116,69
7,116,69
7,116,69
7,116,69
7,116,69
7,116,69
7,116,69
7,116,69
7,116,69
7,116,69
7,116,70
7,116,70
7,116,70
7,117,70
7,117,70
7,117,70
7,117,70
7,117,70
7,117,70
7,117,70
7,117,70
7,117,71
7,117,71
7,117,71
7,117,71
7,117,71
7,117,71
7,117,71
7,117,71
7,117,71
7,118,71
7,118,71
7,118,72
7,118,72
7,118,72
7,118,72
7,118,72
7,118,72
7,118,72
7,118,72
7,118,72
7,118,72
7,118,72
7,118,73
7,118,73
7,118,73
7,118,73
7,119,73
7,119,73
7,119,73
7,119,73
7,119,73
7,119,73
7,119,73
7,119,74
7,119,74
7,119,74
7,119,74
7,119,74
7,120,74
-1,75,127
#MOTOR_B2
6,24,72
6,24,76
6,24,76
6,24,76
6,24,76
6,24,76
6,24,76
6,24,76
6,24,76
6,24,76
6,24,76
6,24,76
6,24,76
6,24,76
6,24,76
6,24,76
6,24,76
6,24,76
6,24,76
6,24,76
6,24,76
6,24,76
6,24,76
6,24,76
6,24,51
6,24,44
6,24,37
6,24,30
6,24,22
6,24,15
6,25,8
6,25,1
6,26,1
6,26,1
6,27,1
6,27,1
6,27,1
6,28,1
6,28,1
6,29,1
6,29,1
6,29,1
6,30,1
6,30,1
6,31,1
6,31,1
6,32,1
6,32,1
6,32,1
6,33,1
6,33,1
6,34,1
6,34,1
6,34,1
6,35,1
6,35,2
6,36,2
6,36,2
6,37,2
6,37,2
6,37,2
6,38,2
6,38,2
6,39,2
6,39,2
6,39,2
6,40,2
6,40,2
6,41,2
6,41,2
6,42,2
6,42,2
6,42,2
6,43,2
6,43,2
6,44,2
6,44,2
6,44,2
6,45,2
6,45,2
6,46,2
6,46,2
6,46,2
6,47,2
6,47,2
6,48,2
6,48,2
6,49,2
6,49,2
6,49,2
6,50,2
6,50,2
6,51,2
6,51,2
6,51,2
6,52,2
6,52,2
6,53,2
6,53,2
6,54,2
6,54,2
6,54,2
6,55,2
6,55,2
6,56,3
6,56,3
6,56,3
6,57,3
6,57,3
6,58,3
6,58,3
6,59,3
6,59,3
6,59,3
6,60,3
6,60,3
6,61,3
6,61,3
6,61,3
6,62,3
6,62,3
6,63,3
6,63,3
6,64,3
6,64,4
6,64,5
6,65,6
6,65,7
6,66,8
6,66,9
6,66,10
6,67,12
6,67,13
6,68,14
6,68,15
6,69,16
6,69,17
6,69,18
6,70,19
6,70,20
6,71,21
6,71,22
6,71,23
6,71,24
6,72,26
6,72,27
6,73,28
6,73,29
6,73,30
6,74,31
6,74,32
6,75,33
6,75,34
6,75,35
6,76,36
6,76,37
6,77,38
6,77,39
6,77,40
6,78,42
6,78,43
6,79,44
6,79,45
6,79,46
6,80,47
6,80,48
6,81,48
6,81,48
6,81,48
6,82,48
6,82,48
6,83,48
6,83,48
6,84,48
6,84,48
6,84,48
6,85,48
6,85,48
6,86,48
6,86,48
6,86,48
6,87,48
6,87,49
6,88,49
6,88,49
6,88,49
6,89,49
6,89,49
6,90,49
6,90,49
6,90,49
6,91,49
6,91,49
6,92,49
6,92,49
6,93,49
6,93,49
6,94,49
6,94,49
6,95,49
6,95,49
6,96,49
6,96,49
6,97,49
6,97,49
6,97,49
6,98,49
6,98,49
6,99,49
6,99,49
6,99,49
6,100,49
6,100,49
6,101,49
6,101,49
6,102,49
6,102,49
6,102,49
6,103,50
6,103,50
6,104,50
6,104,50
6,105,50
6,105,50
6,105,50
6,106,50
6,107,50
6,107,50
6,108,50
6,108,50
6,109,50
6,109,50
6,110,50
6,110,50
6,110,50
6,111,50
6,111,50
6,112,50
6,112,50
6,112,50
6,113,50
6,113,50
6,114,50
6,114,50
6,115,50
6,115,50
6,115,50
6,116,50
6,116,50
6,117,50
6,117,50
6,118,50
6,118,50
6,118,50
6,119,50
6,119,51
6,120,51
6,120,51
6,120,51
6,121,51
6,121,51
6,122,51
6,122,51
6,123,51
6,123,51
6,123,51
6,123,51
6,124,51
6,124,51
6,124,51
6,124,51
6,125,51
6,125,51
6,125,51
6,126,51
6,126,51
6,126,51
6,126,51
6,127,51
6,127,51
6,127,51
6,128,51
6,128,51
6,128,51
6,129,51
6,129,51
6,129,51
6,130,51
6,130,51
6,130,51
6,130,51
6,131,52
6,131,52
6,131,52
6,132,52
6,132,52
6,132,52
6,132,52
6,133,52
6,133,52
6,133,52
6,134,52
6,134,52
6,134,52
6,135,52
6,135,52
6,135,52
6,136,52
6,136,52
6,136,52
6,136,52
6,137,52
6,137,52
6,137,52
6,138,52
6,138,52
6,138,52
6,138,52
6,139,52
6,139,52
6,139,52
6,140,52
6,140,52
6,140,52
6,141,52
6,141,52
6,141,53
6,142,53
6,142,53
6,142,53
6,142,53
6,143,53
6,143,53
6,143,53
6,144,53
6,144,53
6,144,53
6,144,53
6,145,53
6,145,53
6,145,53
6,146,53
6,146,53
6,146,53
6,147,53
6,147,53
6,147,53
6,148,53
6,148,53
6,148,53
6,148,53
6,149,53
6,149,53
6,149,53
6,150,53
6,150,53
6,150,53
6,150,53
6,151,53
6,151,53
6,151,53
6,152,54
6,152,54
6,152,54
6,152,54
6,153,54
6,153,54
6,153,54
6,153,54
6,153,54
6,153,54
6,154,54
6,154,54
6,154,54
6,154,54
6,154,54
6,154,54
6,155,54
6,155,54
6,155,54
6,155,54
6,155,54
6,155,54
6,156,54
6,156,54
6,156,54
6,156,54
6,156,54
6,156,54
6,157,54
6,157,54
6,157,54
6,157,54
6,157,54
6,158,54
6,158,54
6,158,55
6,158,55
6,158,55
6,158,55
6,159,55
6,159,55
6,159,55
6,159,55
6,159,55
6,159,55
6,160,55
6,160,55
6,160,55
6,160,55
6,160,55
6,160,55
6,161,55
6,161,55
6,161,55
6,161,55
6,161,55
6,162,55
6,162,55
6,162,55
6,162,55
6,162,55
6,162,55
6,163,55
6,163,55
6,163,55
6,163,55
6,163,55
6,163,55
6,164,55
6,164,55
6,164,56
6,164,56
6,164,56
6,164,56
6,165,56
6,165,56
6,165,56
6,165,56
6,165,56
6,165,56
6,166,56
6,166,56
6,166,56
6,166,56
6,166,56
6,167,56
6,167,56
6,167,56
6,167,56
6,167,56
6,167,56
6,168,56
6,168,56
6,168,56
6,168,56
6,168,56
6,168,56
6,169,56
6,169,56
6,169,56
6,169,56
6,169,56
6,169,56
6,170,56
6,170,56
6,170,57
6,170,57
6,170,57
6,170,57
6,171,57
6,171,57
6,171,57
6,172,57
6,172,57
6,172,57
6,172,57
6,172,57
6,172,57
6,172,57
6,172,57
6,172,57
6,172,57
6,173,57
6,173,57
6,173,57
6,173,57
6,173,57
6,173,57
6,173,57
6,173,57
6,173,57
6,173,57
6,173,57
6,174,57
6,174,57
6,174,57
6,174,57
6,174,57
6,174,57
6,174,57
6,174,57
6,174,57
6,174,57
6,175,57
6,175,57
6,175,57
6,175,57
6,175,57
6,175,57
6,175,57
6,175,57
6,175,57
6,175,57
6,175,57
6,176,57
6,176,57
6,176,57
6,176,57
6,176,57
6,176,57
6,176,58
6,176,58
6,176,58
6,176,58
6,177,58
6,177,58
6,177,58
6,177,58
6,177,58
6,177,58
6,177,58
6,177,58
6,177,58
6,177,58
6,177,58
6,177,58
6,177,58
6,177,58
6,177,58
6,177,58
6,177,58
6,177,58
6,177,58
6,177,58
6,177,58
6,177,58
6,177,58
6,178,58
6,178,58
6,178,58
6,178,58
6,178,58
6,178,58
6,178,58
6,178,58
6,178,58
6,178,58
6,178,58
6,178,58
6,178,58
6,178,58
6,178,58
6,178,58
6,178,58
6,178,58
6,178,58
6,178,58
6,178,58
6,178,58
6,178,58
6,178,58
6,178,58
6,178,58
6,178,58
6,178,58
6,178,58
6,178,58
6,178,58
6,178,58
6,178,58
6,178,58
6,178,58
6,178,58
6,178,58
6,178,58
6,178,58
6,178,58
6,179,58
6,179,58
6,179,58
6,179,58
6,179,58
6,179,58
6,179,58
6,179,58
6,179,58
6,179,58
6,179,58
6,179,58
6,179,58
6,179,59
6,179,59
6,179,59
6,179,59
6,179,59
6,179,59
6,179,59
6,179,59
6,179,59
6,179,59
6,179,59
6,179,59
6,179,59
6,179,59
6,179,59
6,179,59
6,179,59
6,179,59
6,179,59
6,179,59
6,179,59
6,179,59
6,179,59
6,179,59
6,179,59
6,179,59
6,179,59
6,180,59
6,180,59
6,180,59
6,180,59
6,180,59
6,180,59
6,180,59
6,180,59
6,180,59
6,180,59
6,180,59
6,180,59
6,180,59
6,180,59
6,180,59
6,180,59
6,180,59
6,180,59
6,180,59
6,180,59
6,180,59
6,180,59
6,180,59
6,180,59
6,180,59
6,180,59
6,180,59
6,180,59
6,180,59
6,180,59
6,180,59
6,180,59
6,180,59
6,180,59
6,180,59
6,180,59
6,180,59
6,180,59
6,180,59
6,180,59
6,181,59
6,181,59
6,181,59
6,181,59
6,181,59
6,181,59
6,181,59
6,181,59
6,181,59
6,181,59
6,181,59
6,181,59
6,181,60
6,181,60
6,181,60
6,181,60
6,181,60
6,181,60
6,181,60
6,181,60
6,181,60
6,181,60
6,181,60
6,181,60
6,181,60
6,181,60
6,181,60
6,181,60
6,181,60
6,181,60
6,181,60
6,181,60
6,181,60
6,181,60
6,181,60
6,181,60
6,181,60
6,181,60
6,181,60
6,182,60
6,182,60
6,182,60
6,182,60
6,182,60
6,182,60
6,182,60
6,182,60
6,182,60
6,182,60
6,182,60
6,182,60
6,182,60
6,182,60
6,182,60
6,182,60
6,182,60
6,182,60
6,182,60
6,182,60
6,182,60
6,182,60
6,182,60
6,182,60
6,182,60
6,182,60
6,182,60
6,182,60
6,182,60
6,182,60
6,182,60
6,182,60
6,182,60
6,182,60
6,182,60
6,182,60
6,182,60
6,182,60
6,182,60
6,182,60
6,183,60
6,183,60
6,183,60
6,183,60
6,183,60
6,183,60
6,183,60
6,183,60
6,183,60
6,183,60
6,183,60
6,183,60
6,183,60
6,183,61
6,183,61
6,183,61
6,183,61
6,183,61
6,183,61
6,183,61
6,183,61
6,183,61
6,183,61
6,183,61
6,183,61
6,183,61
6,183,61
6,183,61
6,183,61
6,183,61
6,183,61
6,183,61
6,183,61
6,183,61
6,183,61
6,183,61
6,183,61
6,183,61
6,183,61
6,183,61
6,184,61
6,184,61
6,184,61
6,184,61
6,184,61
6,184,61
6,184,61
6,184,61
6,184,61
6,184,61
6,184,61
6,184,61
6,184,61
#
