OPENBVE
#ACCELERATION
0.45,0.35,120,200,10
0.7,0.6,100,120,10
1,0.9,100,120,10
1.3,1.2,100,120,1
1.6,1.6,100,120,10
2.4,2.3,120,135,10
#PERFORMANCE
4.5            ; Deceleration
0.35           ; CoefficientOfStaticFriction
0              ; Reserved (not used)
0.0025         ; CoefficientOfRollingResistance
1.2            ; AerodynamicDragCoefficient
#DELAY
1              ; DelayPowerUp
0.5            ; DelayPowerDown
0.5            ; DelayBrakeUp
0.5            ; DelayBrakeDown
#MOVE
50             ; JerkPowerUp
50             ; JerkPowerDown
50             ; JerkBrakeUp
100            ; JerkBrakeDown
600            ; BrakeCylinderUp
900            ; BrakeCylinderDown
#BRAKE
0              ; BrakeType
0              ; BrakeControlSystem
0              ; BrakeControlSpeed
#PRESSURE
300            ; BrakeCylinderServiceMaximumPressure
400            ; BrakeCylinderEmergencyMaximumPressure
800            ; MainReservoirMinimumPressure
900            ; MainReservoirMaximumPressure
700            ; BrakePipeNormalPressure
#HANDLE
1              ; HandleType
6              ; PowerNotches
6              ; BrakeNotches
0              ; PowerNotchReduceSteps
#CAB
0              ; X
2500           ; Y
-3000          ; Z
#CAR
40             ; MotorCarMass
1              ; NumberOfMotorCars
0.1            ; TrailerCarMass
0              ; NumberOfTrailerCars
26             ; LengthOfACar
1              ; FrontCarIsAMotorCar
2.6            ; WidthOfACar
3.2            ; HeightOfACar
1.5            ; CenterOfGravityHeight
5              ; ExposedFrontalArea
1.6            ; UnexposedFrontalArea
#DEVICE
-1             ; Ats
0              ; Atc
0              ; Eb
0              ; ConstSpeed
0              ; HoldBrake
0              ; ReAdhesionDevice
0              ; LoadCompensatingDevice (not used)
0              ; PassAlarm
2              ; DoorOpenMode
2              ; DoorCloseMode
#MOTOR_P1
1,101.818181818182,1.81818181818181
1,102.403522431038,1.81818181823138
1,102.988863043895,1.81818181828096
1,103.574203656752,1.81818181833053
1,104.159544269608,1.81818181838011
1,104.744884882465,1.81818181842968
1,105.330225495322,1.81818181847926
1,105.915566108178,1.81818181852884
1,106.500906721035,1.81818181857841
1,107.086247333891,1.81818181862799
1,107.671587946748,1.81818181867756
1,108.256928559605,1.81818181872714
1,108.842269172461,1.81818181877671
1,109.427609785318,1.81818181882629
1,110.012950398175,1.81818181887586
1,110.598291011031,1.81818181892544
1,111.183631623888,1.81818181897501
1,111.768972236745,1.81818181902459
1,112.354312849601,1.81818181907417
1,112.939653462458,1.81818181912374
1,113.524994075314,1.81818181917332
1,114.110334688171,1.81818181922289
1,114.695675301028,1.81818181927247
1,115.281015913884,1.81818181932204
1,115.866356526741,1.81818181937162
1,116.451697139598,1.81818181942119
1,117.037037752454,1.81818181947077
1,117.622378365311,1.81818181952034
1,118.207718978167,1.81818181956992
1,118.793059591024,1.8181818196195
1,119.378400203881,1.81818181966907
1,119.963740816737,1.81818181971865
1,120.549081429594,1.81818181976822
1,121.134422042451,1.8181818198178
1,121.719762655307,1.81818181986737
1,122.305103268164,1.81818181991695
1,122.89044388102,1.81818181996652
1,123.475784493877,1.8181818200161
1,124.061125106734,1.81818182006567
1,124.64646571959,1.81818182011525
1,125.231806332447,1.81818182016483
1,125.817146945304,1.8181818202144
1,126.40248755816,1.81818182026398
1,126.987828171017,1.81818182031355
1,127.573168783873,1.81818182036313
1,128.15850939673,1.8181818204127
1,128.743850009587,1.81818182046228
1,129.329190622443,1.81818182051185
1,129.9145312353,1.81818182056143
1,130.499871848156,1.818181820611
1,131.085212461013,1.81818182066058
1,131.67055307387,1.81818182071016
1,132.255893686726,1.81818182075973
1,132.841234299583,1.81818182080931
1,133.42657491244,1.81818182085888
1,134.011915525296,1.81818182090846
1,134.597256138153,1.81818182095803
1,135.182596751009,1.81818182100761
1,135.767937363866,1.81818182105718
1,136.353277976723,1.81818182110676
1,136.938618589579,1.81818182115633
1,137.523959202436,1.81818182120591
1,138.109299815292,1.81818182125549
1,138.694640428149,1.81818182130506
1,139.279981041006,1.81818182135464
1,139.865321653862,1.81818182140421
1,140.450662266719,1.81818182145379
1,141.036002879576,1.81818182150336
1,141.621343492432,1.81818182155294
1,142.206684105289,1.81818182160251
1,142.792024718145,1.81818182165209
1,143.377365331002,1.81818182170166
1,143.962705943859,1.81818182175124
1,144.548046556715,1.81818182180082
1,145.133387169572,1.81818182185039
1,145.718727782428,1.81818182189997
1,146.304068395285,1.81818182194954
1,146.889409008142,1.81818182199912
1,147.474749620998,1.81818182204869
1,148.060090233855,1.81818182209827
1,148.645430846711,1.81818182214784
1,149.230771459568,1.81818182219742
1,149.816112072425,1.81818182224699
1,150.401452685281,1.81818182229657
1,150.986793298138,1.81818182234615
1,151.572133910995,1.81818182239572
1,152.157474523851,1.8181818224453
1,152.742815136708,1.81818182249487
1,153.328155749564,1.81818182254445
1,153.913496362421,1.81818182259402
1,154.498836975278,1.8181818226436
1,155.084177588134,1.81818182269317
1,155.669518200991,1.81818182274275
1,156.254858813847,1.81818182279232
1,156.840199426704,1.8181818228419
1,157.425540039561,1.81818182289148
1,158.010880652417,1.81818182294105
1,158.596221265274,1.81818182299063
1,159.18156187813,1.8181818230402
1,159.766902490987,1.81818182308978
1,160.352243103844,1.81818182313935
1,160.9375837167,1.81818182318893
1,161.522924329557,1.8181818232385
1,162.108264942414,1.81818182328808
1,162.69360555527,1.81818182333765
1,163.278946168127,1.81818182338723
1,163.864286780983,1.81818182343681
1,164.44962739384,1.81818182348638
1,165.034968006697,1.81818182353596
1,165.620308619553,1.81818182358553
1,166.20564923241,1.81818182363511
1,166.790989845266,1.81818182368468
1,167.376330458123,1.81818182373426
1,167.96167107098,1.81818182378383
1,168.547011683836,1.81818182383341
1,169.132352296693,1.81818182388298
1,169.717692909549,1.81818182393256
1,170.303033522406,1.81818182398214
1,170.888374135263,1.81818182403171
1,171.473714748119,1.81818182408129
1,172.059055360976,1.81818182413086
1,172.644395973833,1.81818182418044
1,173.229736586689,1.81818182423001
1,173.815077199546,1.81818182427959
1,174.400417812402,1.81818182432916
1,174.985758425259,1.81818182437874
1,175.571099038116,1.81818182442832
1,176.156439650972,1.81818182447789
1,176.741780263829,1.81818182452747
1,177.327120876685,1.81818182457704
1,177.912461489542,1.81818182462662
1,178.497802102399,1.81818182467619
1,179.083142715255,1.81818182472577
1,179.668483328112,1.81818182477534
1,180.253823940969,1.81818182482492
1,180.839164553825,1.81818182487449
1,181.424505166682,1.81818182492407
1,182.009845779538,1.81818182497365
1,182.595186392395,1.81818182502322
1,183.180527005252,1.8181818250728
1,183.765867618108,1.81818182512237
1,184.351208230965,1.81818182517195
1,184.936548843821,1.81818182522152
1,185.521889456678,1.8181818252711
1,186.107230069535,1.81818182532067
1,186.692570682391,1.81818182537025
1,187.277911295248,1.81818182541982
1,187.863251908104,1.8181818254694
1,188.448592520961,1.81818182551898
1,189.033933133818,1.81818182556855
1,189.619273746674,1.81818182561813
1,190.204614359531,1.8181818256677
1,190.789954972388,1.81818182571728
1,191.375295585244,1.81818182576685
1,191.960636198101,1.81818182581643
1,192.545976810957,1.818181825866
1,193.131317423814,1.81818182591558
1,193.716658036671,1.81818182596515
1,194.301998649527,1.81818182601473
1,194.887339262384,1.81818182606431
1,195.47267987524,1.81818182611388
1,196.058020488097,1.81818182616346
1,196.643361100954,1.81818182621303
1,197.22870171381,1.81818182626261
1,197.814042326667,1.81818182631218
1,198.399382939523,1.81818182636176
1,198.98472355238,1.81818182641133
1,199.570064165237,1.81818182646091
1,200.155404778093,1.81818182651048
1,200.74074539095,1.81818182656006
1,201.326086003807,1.81818182660964
1,201.911426616663,1.81818182665921
1,202.49676722952,1.81818182670879
1,203.082107842376,1.81818182675836
1,203.667448455233,1.81818182680794
1,204.25278906809,1.81818182685751
1,204.838129680946,1.81818182690709
1,205.423470293803,1.81818182695666
1,206.008810906659,1.81818182700624
1,206.594151519516,1.81818182705581
1,207.179492132373,1.81818182710539
1,207.764832745229,1.81818182715497
1,208.350173358086,1.81818182720454
1,208.935513970943,1.81818182725412
1,209.520854583799,1.81818182730369
1,210.106195196656,1.81818182735327
1,210.691535809512,1.81818182740284
1,211.276876422369,1.81818182745242
1,211.862217035226,1.81818182750199
1,212.447557648082,1.81818182755157
1,213.032898260939,1.81818182760114
1,213.618238873795,1.81818182765072
1,214.203579486652,1.8181818277003
1,214.788920099509,1.81818182774987
1,215.374260712365,1.81818182779945
1,215.959601325222,1.81818182784902
1,216.544941938078,1.8181818278986
1,217.130282550935,1.81818182794817
1,217.715623163792,1.81818182799775
1,218.300963776648,1.81818182804732
1,218.886304389505,1.8181818280969
1,219.471645002362,1.81818182814647
1,220.056985615218,1.81818182819605
1,220.642326228075,1.81818182824563
1,221.227666840931,1.8181818282952
1,221.813007453788,1.81818182834478
1,222.398348066645,1.81818182839435
1,222.983688679501,1.81818182844393
1,223.569029292358,1.8181818284935
1,224.154369905214,1.81818182854308
1,224.739710518071,1.81818182859265
1,225.325051130928,1.81818182864223
1,225.910391743784,1.8181818286918
1,226.495732356641,1.81818182874138
1,227.081072969497,1.81818182879096
1,227.666413582354,1.81818182884053
1,228.251754195211,1.81818182889011
1,228.837094808067,1.81818182893968
1,229.422435420924,1.81818182898926
1,230.007776033781,1.81818182903883
1,230.593116646637,1.81818182908841
1,231.178457259494,1.81818182913798
1,231.76379787235,1.81818182918756
1,232.349138485207,1.81818182923713
1,232.934479098064,1.81818182928671
1,233.51981971092,1.81818182933629
1,234.105160323777,1.81818182938586
1,234.690500936633,1.81818182943544
1,235.27584154949,1.81818182948501
1,235.861182162347,1.81818182953459
1,236.446522775203,1.81818182958416
1,237.03186338806,1.81818182963374
1,237.617204000917,1.81818182968331
1,238.202544613773,1.81818182973289
1,238.78788522663,1.81818182978246
1,239.373225839486,1.81818182983204
1,239.958566452343,1.81818182988162
1,240.5439070652,1.81818182993119
1,241.129247678056,1.81818182998077
1,241.714588290913,1.81818183003034
1,242.299928903769,1.81818183007992
1,242.885269516626,1.81818183012949
1,243.470610129483,1.81818183017907
1,244.055950742339,1.81818183022864
1,244.641291355196,1.81818183027822
1,245.226631968052,1.81818183032779
1,245.811972580909,1.81818183037737
1,246.397313193766,1.81818183042695
1,246.982653806622,1.81818183047652
1,247.567994419479,1.8181818305261
1,248.153335032336,1.81818183057567
1,248.738675645192,1.81818183062525
1,249.324016258049,1.81818183067482
1,249.909356870905,1.8181818307244
1,250.494697483762,1.81818183077397
1,251.080038096619,1.81818183082355
1,251.665378709475,1.81818183087312
1,252.250719322332,1.8181818309227
1,252.836059935188,1.81818183097228
1,253.421400548045,1.81818183102185
1,254.006741160902,1.81818183107143
1,254.592081773758,1.818181831121
1,255.177422386615,1.81818183117058
1,255.762762999471,1.81818183122015
1,256.348103612328,1.81818183126973
1,256.933444225185,1.8181818313193
1,257.518784838041,1.81818183136888
1,258.104125450898,1.81818183141845
1,258.689466063755,1.81818183146803
1,259.274806676611,1.81818183151761
1,259.860147289468,1.81818183156718
1,260.445487902324,1.81818183161676
1,261.030828515181,1.81818183166633
1,261.616169128038,1.81818183171591
1,262.201509740894,1.81818183176548
1,262.786850353751,1.81818183181506
1,263.372190966607,1.81818183186463
1,263.957531579464,1.81818183191421
1,264.542872192321,1.81818183196378
1,265.128212805177,1.81818183201336
1,265.713553418034,1.81818183206294
1,266.29889403089,1.81818183211251
1,266.884234643747,1.81818183216209
1,267.469575256604,1.81818183221166
1,268.05491586946,1.81818183226124
1,268.640256482317,1.81818183231081
1,269.225597095174,1.81818183236039
1,269.81093770803,1.81818183240996
1,270.396278320887,1.81818183245954
1,270.981618933743,1.81818183250911
1,271.5669595466,1.81818183255869
1,272.152300159457,1.81818183260827
1,272.737640772313,1.81818183265784
1,273.32298138517,1.81818183270742
1,273.908321998026,1.81818183275699
1,274.493662610883,1.81818183280657
1,275.07900322374,1.81818183285614
1,275.664343836596,1.81818183290572
1,276.249684449453,1.81818183295529
1,276.83502506231,1.81818183300487
1,277.420365675166,1.81818183305444
1,278.005706288023,1.81818183310402
1,278.591046900879,1.8181818331536
1,279.176387513736,1.81818183320317
1,279.761728126593,1.81818183325275
1,280.347068739449,1.81818183330232
1,280.932409352306,1.8181818333519
1,281.517749965162,1.81818183340147
1,282.103090578019,1.81818183345105
1,282.688431190876,1.81818183350062
1,283.273771803732,1.8181818335502
1,283.859112416589,1.81818183359977
1,284.444453029445,1.81818183364935
1,285.029793642302,1.81818183369893
1,285.615134255159,1.8181818337485
1,286.200474868015,1.81818183379808
1,286.785815480872,1.81818183384765
1,287.371156093729,1.81818183389723
1,287.956496706585,1.8181818339468
1,288.541837319442,1.81818183399638
1,289.127177932298,1.81818183404595
1,289.712518545155,1.81818183409553
1,290.297859158012,1.8181818341451
1,290.883199770868,1.81818183419468
1,291.468540383725,1.81818183424426
1,292.053880996581,1.81818183429383
1,292.639221609438,1.81818183434341
1,293.224562222295,1.81818183439298
1,293.809902835151,1.81818183444256
1,294.395243448008,1.81818183449213
1,294.980584060864,1.81818183454171
1,295.565924673721,1.81818183459128
1,296.151265286578,1.81818183464086
1,296.736605899434,1.81818183469043
1,297.321946512291,1.81818183474001
1,297.907287125148,1.81818183478959
1,298.492627738004,1.81818183483916
1,299.077968350861,1.81818183488874
1,299.663308963717,1.81818183493831
1,300.248649576574,1.81818183498789
1,300.833990189431,1.81818183503746
1,301.419330802287,1.81818183508704
1,302.004671415144,1.81818183513661
1,302.590012028,1.81818183518619
1,303.175352640857,1.81818183523576
1,303.760693253714,1.81818183528534
1,304.34603386657,1.81818183533492
1,304.931374479427,1.81818183538449
1,305.516715092284,1.81818183543407
1,306.10205570514,1.81818183548364
1,306.687396317997,1.81818183553322
1,307.272736930853,1.81818183558279
1,307.85807754371,1.81818183563237
1,308.443418156567,1.81818183568194
1,309.028758769423,1.81818183573152
1,309.61409938228,1.81818183578109
1,310.199439995136,1.81818183583067
1,310.784780607993,1.81818183588025
1,311.37012122085,1.81818183592982
1,311.955461833706,1.8181818359794
1,312.540802446563,1.81818183602897
1,313.126143059419,1.81818183607855
1,313.711483672276,1.81818183612812
1,314.296824285133,1.8181818361777
1,314.882164897989,1.81818183622727
1,315.467505510846,1.81818183627685
1,316.052846123703,1.81818183632642
1,316.638186736559,1.818181836376
1,317.223527349416,1.81818183642558
1,317.808867962272,1.81818183647515
1,318.394208575129,1.81818183652473
1,318.979549187986,1.8181818365743
1,319.564889800842,1.81818183662388
1,320.150230413699,1.81818183667345
1,320.735571026555,1.81818183672303
1,321.320911639412,1.8181818367726
1,321.906252252269,1.81818183682218
1,322.491592865125,1.81818183687175
1,323.076933477982,1.81818183692133
1,323.662274090838,1.81818183697091
1,324.247614703695,1.81818183702048
1,324.832955316552,1.81818183707006
1,325.418295929408,1.81818183711963
1,326.003636542265,1.81818183716921
1,326.588977155122,1.81818183721878
1,327.174317767978,1.81818183726836
1,327.759658380835,1.81818183731793
1,328.344998993691,1.81818183736751
1,328.930339606548,1.81818183741708
1,329.515680219405,1.81818183746666
1,330.101020832261,1.81818183751624
1,330.686361445118,1.81818183756581
1,331.271702057974,1.81818183761539
1,331.857042670831,1.81818183766496
1,332.442383283688,1.81818183771454
1,333.027723896544,1.81818183776411
1,333.613064509401,1.81818183781369
1,334.198405122258,1.81818183786326
1,334.783745735114,1.81818183791284
1,335.369086347971,1.81818183796241
1,335.954426960827,1.81818183801199
1,336.539767573684,1.81818183806157
1,337.125108186541,1.81818183811114
1,337.710448799397,1.81818183816072
1,338.295789412254,1.81818183821029
1,338.88113002511,1.81818183825987
1,339.466470637967,1.81818183830944
1,340.051811250824,1.81818183835902
1,340.63715186368,1.81818183840859
1,341.222492476537,1.81818183845817
1,341.807833089393,1.81818183850774
1,342.39317370225,1.81818183855732
1,342.978514315107,1.8181818386069
1,343.563854927963,1.81818183865647
1,344.14919554082,1.81818183870605
1,344.734536153677,1.81818183875562
1,345.319876766533,1.8181818388052
1,345.90521737939,1.81818183885477
1,346.490557992246,1.81818183890435
1,347.075898605103,1.81818183895392
1,347.66123921796,1.8181818390035
1,348.246579830816,1.81818183905307
1,348.831920443673,1.81818183910265
1,349.417261056529,1.81818183915223
1,350.002601669386,1.8181818392018
1,350.587942282243,1.81818183925138
1,351.173282895099,1.81818183930095
1,351.758623507956,1.81818183935053
1,352.343964120812,1.8181818394001
1,352.929304733669,1.81818183944968
1,353.514645346526,1.81818183949925
1,354.099985959382,1.81818183954883
1,354.685326572239,1.8181818395984
1,355.270667185096,1.81818183964798
1,355.856007797952,1.81818183969756
1,356.441348410809,1.81818183974713
1,357.026689023665,1.81818183979671
1,357.612029636522,1.81818183984628
1,358.197370249379,1.81818183989586
1,358.782710862235,1.81818183994543
1,359.368051475092,1.81818183999501
1,359.953392087948,1.81818184004458
1,360.538732700805,1.81818184009416
1,361.124073313662,1.81818184014373
1,361.709413926518,1.81818184019331
1,362.294754539375,1.81818184024289
1,362.880095152231,1.81818184029246
1,363.465435765088,1.81818184034204
1,364.050776377945,1.81818184039161
1,364.636116990801,1.81818184044119
1,365.221457603658,1.81818184049076
1,365.806798216515,1.81818184054034
1,366.392138829371,1.81818184058991
1,366.977479442228,1.81818184063949
1,367.562820055084,1.81818184068906
1,368.148160667941,1.81818184073864
1,368.733501280798,1.81818184078822
1,369.318841893654,1.81818184083779
1,369.904182506511,1.81818184088737
1,370.489523119367,1.81818184093694
1,371.074863732224,1.81818184098652
1,371.660204345081,1.81818184103609
1,372.245544957937,1.81818184108567
1,372.830885570794,1.81818184113524
1,373.416226183651,1.81818184118482
1,374.001566796507,1.81818184123439
1,374.586907409364,1.81818184128397
1,375.17224802222,1.81818184133355
1,375.757588635077,1.81818184138312
1,376.342929247934,1.8181818414327
1,376.92826986079,1.81818184148227
1,377.513610473647,1.81818184153185
1,378.098951086503,1.81818184158142
1,378.68429169936,1.818181841631
1,379.269632312217,1.81818184168057
1,379.854972925073,1.81818184173015
1,380.44031353793,1.81818184177972
1,381.025654150786,1.8181818418293
1,381.610994763643,1.81818184187888
1,382.1963353765,1.81818184192845
1,382.781675989356,1.81818184197803
1,383.367016602213,1.8181818420276
1,383.95235721507,1.81818184207718
1,384.537697827926,1.81818184212675
1,385.123038440783,1.81818184217633
1,385.708379053639,1.8181818422259
1,386.293719666496,1.81818184227548
1,386.879060279353,1.81818184232505
1,387.464400892209,1.81818184237463
1,388.049741505066,1.81818184242421
1,388.635082117922,1.81818184247378
1,389.220422730779,1.81818184252336
1,389.805763343636,1.81818184257293
1,390.391103956492,1.81818184262251
1,390.976444569349,1.81818184267208
1,391.561785182205,1.81818184272166
1,392.147125795062,1.81818184277123
1,392.732466407919,1.81818184282081
1,393.317807020775,1.81818184287038
1,393.903147633632,1.81818184291996
1,394.488488246489,1.81818184296954
1,395.073828859345,1.81818184301911
1,395.659169472202,1.81818184306869
1,396.244510085058,1.81818184311826
1,396.829850697915,1.81818184316784
1,397.415191310772,1.81818184321741
1,398.000531923628,1.81818184326699
1,398.585872536485,1.81818184331656
1,399.171213149341,1.81818184336614
1,399.756553762198,1.81818184341571
1,400.341894375055,1.81818184346529
1,400.927234987911,1.81818184351487
1,401.512575600768,1.81818184356444
1,402.097916213625,1.81818184361402
1,402.683256826481,1.81818184366359
1,403.268597439338,1.81818184371317
1,403.853938052194,1.81818184376274
1,404.439278665051,1.81818184381232
1,405.024619277908,1.81818184386189
1,405.609959890764,1.81818184391147
1,406.195300503621,1.81818184396104
1,406.780641116477,1.81818184401062
1,407.365981729334,1.8181818440602
1,407.951322342191,1.81818184410977
1,408.536662955047,1.81818184415935
1,409.122003567904,1.81818184420892
1,409.70734418076,1.8181818442585
1,410.292684793617,1.81818184430807
1,410.878025406474,1.81818184435765
1,411.46336601933,1.81818184440722
1,412.048706632187,1.8181818444568
1,412.634047245044,1.81818184450637
1,413.2193878579,1.81818184455595
1,413.804728470757,1.81818184460553
1,414.390069083613,1.8181818446551
1,414.97540969647,1.81818184470468
1,415.560750309327,1.81818184475425
1,416.146090922183,1.81818184480383
1,416.73143153504,1.8181818448534
1,417.316772147896,1.81818184490298
1,417.902112760753,1.81818184495255
1,418.48745337361,1.81818184500213
1,419.072793986466,1.8181818450517
1,419.658134599323,1.81818184510128
1,420.243475212179,1.81818184515086
1,420.828815825036,1.81818184520043
1,421.414156437893,1.81818184525001
1,421.999497050749,1.81818184529958
1,422.584837663606,1.81818184534916
1,423.170178276463,1.81818184539873
1,423.755518889319,1.81818184544831
1,424.340859502176,1.81818184549788
1,424.926200115032,1.81818184554746
1,425.511540727889,1.81818184559703
1,426.096881340746,1.81818184564661
1,426.682221953602,1.81818184569619
1,427.267562566459,1.81818184574576
1,427.852903179315,1.81818184579534
1,428.438243792172,1.81818184584491
1,429.023584405029,1.81818184589449
1,429.608925017885,1.81818184594406
1,430.194265630742,1.81818184599364
1,430.779606243598,1.81818184604321
1,431.364946856455,1.81818184609279
1,431.950287469312,1.81818184614236
1,432.535628082168,1.81818184619194
1,433.120968695025,1.81818184624152
1,433.706309307882,1.81818184629109
1,434.291649920738,1.81818184634067
1,434.876990533595,1.81818184639024
1,435.462331146451,1.81818184643982
1,436.047671759308,1.81818184648939
1,436.633012372165,1.81818184653897
1,437.218352985021,1.81818184658854
1,437.803693597878,1.81818184663812
1,438.389034210734,1.81818184668769
1,438.974374823591,1.81818184673727
1,439.559715436448,1.81818184678685
1,440.145056049304,1.81818184683642
1,440.730396662161,1.818181846886
1,441.315737275018,1.81818184693557
1,441.901077887874,1.81818184698515
1,442.486418500731,1.81818184703472
1,443.071759113587,1.8181818470843
1,443.657099726444,1.81818184713387
1,444.242440339301,1.81818184718345
1,444.827780952157,1.81818184723302
1,445.413121565014,1.8181818472826
1,445.99846217787,1.81818184733218
1,446.583802790727,1.81818184738175
1,447.169143403584,1.81818184743133
1,447.75448401644,1.8181818474809
1,448.339824629297,1.81818184753048
1,448.925165242153,1.81818184758005
1,449.51050585501,1.81818184762963
1,450.095846467867,1.8181818476792
1,450.681187080723,1.81818184772878
1,451.26652769358,1.81818184777835
1,451.851868306437,1.81818184782793
1,452.437208919293,1.81818184787751
1,453.02254953215,1.81818184792708
1,453.607890145006,1.81818184797666
1,454.193230757863,1.81818184802623
1,454.77857137072,1.81818184807581
1,455.363911983576,1.81818184812538
1,455.949252596433,1.81818184817496
1,456.534593209289,1.81818184822453
1,457.119933822146,1.81818184827411
1,457.705274435003,1.81818184832368
1,458.290615047859,1.81818184837326
1,458.875955660716,1.81818184842284
1,459.461296273572,1.81818184847241
1,460.046636886429,1.81818184852199
1,460.631977499286,1.81818184857156
1,461.217318112142,1.81818184862114
1,461.802658724999,1.81818184867071
1,462.387999337856,1.81818184872029
1,462.973339950712,1.81818184876986
1,463.558680563569,1.81818184881944
1,464.144021176425,1.81818184886901
1,464.729361789282,1.81818184891859
1,465.314702402139,1.81818184896817
1,465.900043014995,1.81818184901774
1,466.485383627852,1.81818184906732
1,467.070724240708,1.81818184911689
1,467.656064853565,1.81818184916647
1,468.241405466422,1.81818184921604
1,468.826746079278,1.81818184926562
1,469.412086692135,1.81818184931519
1,469.997427304992,1.81818184936477
1,470.582767917848,1.81818184941434
1,471.168108530705,1.81818184946392
1,471.753449143561,1.8181818495135
1,472.338789756418,1.81818184956307
1,472.924130369275,1.81818184961265
1,473.509470982131,1.81818184966222
1,474.094811594988,1.8181818497118
1,474.680152207844,1.81818184976137
1,475.265492820701,1.81818184981095
1,475.850833433558,1.81818184986052
1,476.436174046414,1.8181818499101
1,477.021514659271,1.81818184995967
1,477.606855272127,1.81818185000925
1,478.192195884984,1.81818185005883
1,478.777536497841,1.8181818501084
1,479.362877110697,1.81818185015798
1,479.948217723554,1.81818185020755
1,480.533558336411,1.81818185025713
1,481.118898949267,1.8181818503067
1,481.704239562124,1.81818185035628
1,482.28958017498,1.81818185040585
1,482.874920787837,1.81818185045543
1,483.460261400694,1.818181850505
1,484.04560201355,1.81818185055458
1,484.630942626407,1.81818185060416
1,485.216283239263,1.81818185065373
1,485.80162385212,1.81818185070331
1,486.386964464977,1.81818185075288
1,486.972305077833,1.81818185080246
1,487.55764569069,1.81818185085203
1,488.142986303546,1.81818185090161
1,488.728326916403,1.81818185095118
1,489.31366752926,1.81818185100076
1,489.899008142116,1.81818185105033
1,490.484348754973,1.81818185109991
1,491.06968936783,1.81818185114949
1,491.655029980686,1.81818185119906
1,492.240370593543,1.81818185124864
1,492.825711206399,1.81818185129821
1,493.411051819256,1.81818185134779
1,493.996392432113,1.81818185139736
1,494.581733044969,1.81818185144694
1,495.167073657826,1.81818185149651
1,495.752414270682,1.81818185154609
1,496.337754883539,1.81818185159566
1,496.923095496396,1.81818185164524
1,497.508436109252,1.81818185169482
1,498.093776722109,1.81818185174439
1,498.679117334966,1.81818185179397
1,499.264457947822,1.81818185184354
1,499.849798560679,1.81818185189312
1,500.435139173535,1.81818185194269
1,501.020479786392,1.81818185199227
1,501.605820399249,1.81818185204184
1,502.191161012105,1.81818185209142
1,502.776501624962,1.81818185214099
1,503.361842237818,1.81818185219057
1,503.947182850675,1.81818185224015
1,504.532523463532,1.81818185228972
1,505.117864076388,1.8181818523393
1,505.703204689245,1.81818185238887
1,506.288545302101,1.81818185243845
1,506.873885914958,1.81818185248802
1,507.459226527815,1.8181818525376
1,508.044567140671,1.81818185258717
-1,508.629907753528,1.81818185263675
#MOTOR_P2
-1,100,8.00000000000001
-1,100,7.99093655612178
-1,100,7.98187311224355
-1,100,1
-1,100,1
-1,100,1
-1,100,1
-1,100,1
-1,100,1
-1,100,1
-1,100,1
-1,100,1
-1,144,1
-1,512,1
1,512.896860987446,1
1,513.793721974892,1
1,514.690582962338,1
1,515.587443949784,1
1,516.48430493723,1
1,517.381165924676,1
1,518.278026912123,1
1,519.174887899569,1
1,520.071748887015,1
1,520.968609874461,1
1,521.865470861907,1
1,522.762331849353,1
1,523.659192836799,1
1,524.556053824245,1
1,525.452914811691,1
1,526.349775799137,1
1,527.246636786583,1
1,528.143497774029,1
1,529.040358761475,1
1,529.937219748922,1
1,530.834080736368,1
1,531.730941723814,1
1,532.62780271126,1
1,533.524663698706,1
1,534.421524686152,1
1,535.318385673598,1
1,536.215246661044,1
1,537.11210764849,1
1,538.008968635936,1
1,538.905829623382,1
1,539.802690610828,1
1,540.699551598274,1
1,541.59641258572,1
1,542.493273573167,1
1,543.390134560613,1
1,544.286995548059,1
1,545.183856535505,1
1,546.080717522951,1
1,546.977578510397,1
1,547.874439497843,1
1,548.771300485289,1
1,549.668161472735,1
1,550.565022460181,1
1,551.461883447627,1
1,552.358744435073,1
1,553.255605422519,1
1,554.152466409966,1
1,555.049327397412,1
1,555.946188384858,1
1,556.843049372304,1
1,557.73991035975,1
1,558.636771347196,1
1,559.533632334642,1
1,560.430493322088,1
1,561.327354309534,1
1,562.22421529698,1
1,563.121076284426,1
1,564.017937271872,1
1,564.914798259318,1
1,565.811659246765,1
1,566.708520234211,1
1,567.605381221657,1
1,568.502242209103,1
1,569.399103196549,1
1,570.295964183995,1
1,571.192825171441,1
1,572.089686158887,1
1,572.986547146333,1
1,573.883408133779,1
1,574.780269121225,1
1,575.677130108671,1
1,576.573991096117,1
1,577.470852083564,1
1,578.36771307101,1
1,579.264574058456,1
1,580.161435045902,1
1,581.058296033348,1
1,581.955157020794,1
1,582.85201800824,1
1,583.748878995686,1
1,584.645739983132,1
1,585.542600970578,1
1,586.439461958024,1
1,587.33632294547,1
1,588.233183932916,1
1,589.130044920362,1
1,590.026905907809,1
1,590.923766895255,1
1,591.820627882701,1
1,592.717488870147,1
1,593.614349857593,1
1,594.511210845039,1
1,595.408071832485,1
1,596.304932819931,1
1,597.201793807377,1
1,598.098654794823,1
1,598.995515782269,1
1,599.892376769715,1
1,600.789237757161,1
1,601.686098744608,1
1,602.582959732054,1
1,603.4798207195,1
1,604.376681706946,1
1,605.273542694392,1
1,606.170403681838,1
1,607.067264669284,1
1,607.96412565673,1
1,608.860986644176,1
1,609.757847631622,1
1,610.654708619068,1
1,611.551569606514,1
1,612.44843059396,1
1,613.345291581407,1
1,614.242152568853,1
1,615.139013556299,1
1,616.035874543745,1
1,616.932735531191,1
1,617.829596518637,1
1,618.726457506083,1
1,619.623318493529,1
1,620.520179480975,1
1,621.417040468421,1
1,622.313901455867,1
1,623.210762443313,1
1,624.107623430759,1
1,625.004484418205,1
1,625.901345405652,1
1,626.798206393098,1
1,627.695067380544,1
1,628.59192836799,1
1,629.488789355436,1
1,630.385650342882,1
1,631.282511330328,1
1,632.179372317774,1
1,633.07623330522,1
1,633.973094292666,1
1,634.869955280112,1
1,635.766816267558,1
1,636.663677255004,1
1,637.560538242451,1
1,638.457399229897,1
1,639.354260217343,1
1,640.251121204789,1
1,641.147982192235,1
1,642.044843179681,1
1,642.941704167127,1
1,643.838565154573,1
1,644.735426142019,1
1,645.632287129465,1
1,646.529148116911,1
1,647.426009104357,1
1,648.322870091803,1
1,649.21973107925,1
1,650.116592066696,1
1,651.013453054142,1
1,651.910314041588,1
1,652.807175029034,1
1,653.70403601648,1
1,654.600897003926,1
1,655.497757991372,1
1,656.394618978818,1
1,657.291479966264,1
1,658.18834095371,1
1,659.085201941156,1
1,659.982062928602,1
1,660.878923916049,1
1,661.775784903495,1
1,662.672645890941,1
1,663.569506878387,1
1,664.466367865833,1
1,665.363228853279,1
1,666.260089840725,1
1,667.156950828171,1
1,668.053811815617,1
1,668.950672803063,1
1,669.847533790509,1
1,670.744394777955,1
1,671.641255765401,1
1,672.538116752847,1
1,673.434977740294,1
1,674.33183872774,1
1,675.228699715186,1
1,676.125560702632,1
1,677.022421690078,1
1,677.919282677524,1
1,678.81614366497,1
1,679.713004652416,1
1,680.609865639862,1
1,681.506726627308,1
1,682.403587614754,1
1,683.3004486022,1
1,684.197309589646,1
1,685.094170577093,1
1,685.991031564539,1
1,686.887892551985,1
1,687.784753539431,1
1,688.681614526877,1
1,689.578475514323,1
1,690.475336501769,1
1,691.372197489215,1
1,692.269058476661,1
1,693.165919464107,1
1,694.062780451553,1
1,694.959641438999,1
1,695.856502426445,1
1,696.753363413892,1
1,697.650224401338,1
1,698.547085388784,1
1,699.44394637623,1
1,700.340807363676,1
1,701.237668351122,1
1,702.134529338568,1
1,703.031390326014,1
1,703.92825131346,1
1,704.825112300906,1
1,705.721973288352,1
1,706.618834275798,1
1,707.515695263244,1
1,708.412556250691,1
-1,709.309417238137,1
#MOTOR_B1
-1,100,128
-1,100,128
-1,100,128
-1,100,128
-1,100,128
1,100,128
1,100,128
1,94.5454559326172,128
1,95.5828061187632,128
1,96.6201563049093,128
1,97.6575064910553,128
1,98.6948566772014,128
1,99.7322068633474,128
1,100.769557049493,128
1,101.806907235639,128
1,102.844257421786,128
1,103.881607607932,128
1,104.918957794078,128
1,105.956307980224,128
1,106.99365816637,128
1,108.031008352516,128
1,109.068358538662,128
1,110.105708724808,128
1,111.143058910954,128
1,112.1804090971,128
1,113.217759283246,128
1,114.255109469392,128
1,115.292459655538,128
1,116.329809841684,128
1,117.36716002783,128
1,118.404510213976,128
1,119.441860400122,128
1,120.479210586268,128
1,121.516560772414,128
1,122.55391095856,128
1,123.591261144706,128
1,124.628611330852,128
1,125.665961516998,128
1,126.703311703145,128
1,127.740661889291,128
1,128.778012075437,128
1,129.815362261583,128
1,130.852712447729,128
1,131.890062633875,128
1,132.927412820021,128
1,133.964763006167,128
1,135.002113192313,128
1,136.039463378459,128
1,137.076813564605,128
1,138.114163750751,128
1,139.151513936897,128
1,140.188864123043,128
1,141.226214309189,128
1,142.263564495335,128
1,143.300914681481,128
1,144.338264867627,128
1,145.375615053773,128
1,146.412965239919,128
1,147.450315426065,128
1,148.487665612211,128
1,149.525015798357,128
1,150.562365984503,128
1,151.599716170649,128
1,152.637066356795,128
1,153.674416542941,128
1,154.711766729087,128
1,155.749116915233,128
1,156.786467101379,128
1,157.823817287525,128
1,158.861167473671,128
1,159.898517659817,128
1,160.935867845963,128
1,161.973218032109,128
1,163.010568218256,128
1,164.047918404402,128
1,165.085268590548,128
1,166.122618776694,128
1,167.15996896284,128
1,168.197319148986,128
1,169.234669335132,128
1,170.272019521278,128
1,171.309369707424,128
1,172.34671989357,128
1,173.384070079716,128
1,174.421420265862,128
1,175.458770452008,128
1,176.496120638154,128
1,177.5334708243,128
1,178.570821010446,128
1,179.608171196592,128
1,180.645521382738,128
1,181.682871568884,128
1,182.72022175503,128
1,183.757571941176,128
1,184.794922127322,128
1,185.832272313468,128
1,186.869622499614,128
1,187.90697268576,128
1,188.944322871906,128
1,189.981673058052,128
1,191.019023244198,128
1,192.056373430344,128
1,193.09372361649,128
1,194.131073802636,128
1,195.168423988782,128
1,196.205774174928,128
1,197.243124361074,128
1,198.28047454722,128
1,199.317824733367,128
1,200.355174919513,128
1,201.392525105659,128
1,202.429875291805,128
1,203.467225477951,128
1,204.504575664097,128
1,205.541925850243,128
1,206.579276036389,128
1,207.616626222535,128
1,208.653976408681,128
1,209.691326594827,128
1,210.728676780973,128
1,211.766026967119,128
1,212.803377153265,128
1,213.840727339411,128
1,214.878077525557,128
1,215.915427711703,128
1,216.952777897849,128
1,217.990128083995,128
1,219.027478270141,128
1,220.064828456287,128
1,221.102178642433,128
1,222.139528828579,128
1,223.176879014725,128
1,224.214229200871,128
1,225.251579387017,128
1,226.288929573163,128
1,227.326279759309,128
1,228.363629945455,128
1,229.400980131601,128
1,230.438330317747,128
1,231.475680503893,128
1,232.513030690039,128
1,233.550380876185,128
1,234.587731062331,128
1,235.625081248478,128
1,236.662431434624,128
1,237.69978162077,128
1,238.737131806916,128
1,239.774481993062,128
1,240.811832179208,128
1,241.849182365354,128
1,242.8865325515,128
1,243.923882737646,128
1,244.961232923792,128
1,245.998583109938,128
1,247.035933296084,128
1,248.07328348223,128
1,249.110633668376,128
1,250.147983854522,128
1,251.185334040668,128
1,252.222684226814,128
1,253.26003441296,128
1,254.297384599106,128
1,255.334734785252,128
1,256.372084971398,128
1,257.409435157544,128
1,258.44678534369,128
1,259.484135529836,128
1,260.521485715982,128
1,261.558835902128,128
1,262.596186088274,128
1,263.63353627442,128
1,264.670886460567,128
1,265.708236646713,128
1,266.745586832859,128
1,267.782937019005,128
1,268.820287205151,128
1,269.857637391297,128
1,270.894987577443,128
1,271.932337763589,128
1,272.969687949735,128
1,274.007038135881,128
1,275.044388322027,128
1,276.081738508173,128
1,277.119088694319,128
1,278.156438880465,128
1,279.193789066611,128
1,280.231139252757,128
1,281.268489438903,128
1,282.305839625049,128
1,283.343189811196,128
1,284.380539997342,128
1,285.417890183488,128
1,286.455240369634,128
1,287.49259055578,128
1,288.529940741926,128
1,289.567290928072,128
1,290.604641114218,128
1,291.641991300364,128
1,292.67934148651,128
1,293.716691672656,128
1,294.754041858802,128
1,295.791392044948,128
1,296.828742231094,128
1,297.86609241724,128
1,298.903442603386,128
1,299.940792789532,128
1,300.978142975679,128
1,302.015493161825,128
1,303.052843347971,128
1,304.090193534117,128
1,305.127543720263,128
1,306.164893906409,128
1,307.202244092555,128
1,308.239594278701,128
1,309.276944464847,128
1,310.314294650993,128
1,311.351644837139,128
1,312.388995023285,128
1,313.426345209431,128
1,314.463695395577,128
1,315.501045581723,128
1,316.538395767869,128
1,317.575745954015,128
1,318.613096140161,128
1,319.650446326308,128
1,320.687796512454,128
1,321.7251466986,128
1,322.762496884746,128
1,323.799847070892,128
1,324.837197257038,128
1,325.874547443184,128
1,326.91189762933,128
1,327.949247815476,128
1,328.986598001622,128
1,330.023948187768,128
1,331.061298373914,128
1,332.09864856006,128
1,333.135998746206,128
1,334.173348932352,128
1,335.210699118498,128
1,336.248049304644,128
1,337.285399490791,128
1,338.322749676937,128
1,339.360099863083,128
1,340.397450049229,128
1,341.434800235375,128
1,342.472150421521,128
1,343.509500607667,128
1,344.546850793813,128
1,345.584200979959,128
1,346.621551166105,128
1,347.658901352251,128
1,348.696251538397,128
1,349.733601724543,128
1,350.770951910689,128
1,351.808302096835,128
1,352.845652282981,128
1,353.883002469127,128
1,354.920352655273,128
1,355.95770284142,128
1,356.995053027566,128
1,358.032403213712,128
1,359.069753399858,128
1,360.107103586004,128
1,361.14445377215,128
1,362.181803958296,128
1,363.219154144442,128
1,364.256504330588,128
1,365.293854516734,128
1,366.33120470288,128
1,367.368554889026,128
1,368.405905075172,128
1,369.443255261318,128
1,370.480605447464,128
1,371.51795563361,128
1,372.555305819756,128
1,373.592656005902,128
1,374.630006192049,128
1,375.667356378195,128
1,376.704706564341,128
1,377.742056750487,128
1,378.779406936633,128
1,379.816757122779,128
1,380.854107308925,128
1,381.891457495071,128
1,382.928807681217,128
1,383.966157867363,128
1,385.003508053509,128
1,386.040858239655,128
1,387.078208425801,128
1,388.115558611947,128
1,389.152908798093,128
1,390.190258984239,128
1,391.227609170385,128
1,392.264959356532,128
1,393.302309542678,128
1,394.339659728824,128
1,395.37700991497,128
1,396.414360101116,128
1,397.451710287262,128
1,398.489060473408,128
1,399.526410659554,128
1,400.5637608457,128
1,401.601111031846,128
1,402.638461217992,128
1,403.675811404138,128
1,404.713161590284,128
1,405.75051177643,128
1,406.787861962576,128
1,407.825212148722,128
1,408.862562334868,128
1,409.899912521014,128
1,410.937262707161,128
1,411.974612893307,128
1,413.011963079453,128
1,414.049313265599,128
1,415.086663451745,128
1,416.124013637891,128
1,417.161363824037,128
1,418.198714010183,128
1,419.236064196329,128
1,420.273414382475,128
1,421.310764568621,128
1,422.348114754767,128
1,423.385464940913,128
1,424.422815127059,128
1,425.460165313205,128
1,426.497515499351,128
1,427.534865685497,128
1,428.572215871643,128
1,429.60956605779,128
1,430.646916243936,128
1,431.684266430082,128
1,432.721616616228,128
1,433.758966802374,128
1,434.79631698852,128
1,435.833667174666,128
1,436.871017360812,128
1,437.908367546958,128
1,438.945717733104,128
1,439.98306791925,128
1,441.020418105396,128
1,442.057768291542,128
1,443.095118477688,128
1,444.132468663834,128
1,445.16981884998,128
1,446.207169036126,128
1,447.244519222273,128
1,448.281869408419,128
1,449.319219594565,128
1,450.356569780711,128
1,451.393919966857,128
1,452.431270153003,128
1,453.468620339149,128
1,454.505970525295,128
1,455.543320711441,128
1,456.580670897587,128
1,457.618021083733,128
1,458.655371269879,128
1,459.692721456025,128
1,460.730071642171,128
1,461.767421828317,128
1,462.804772014463,128
1,463.842122200609,128
1,464.879472386755,128
1,465.916822572902,128
1,466.954172759048,128
1,467.991522945194,128
1,469.02887313134,128
1,470.066223317486,128
1,471.103573503632,128
1,472.140923689778,128
1,473.178273875924,128
1,474.21562406207,128
1,475.252974248216,128
1,476.290324434362,128
1,477.327674620508,128
1,478.365024806654,128
1,479.4023749928,128
1,480.439725178946,128
1,481.477075365092,128
1,482.514425551238,128
1,483.551775737385,128
1,484.589125923531,128
1,485.626476109677,128
1,486.663826295823,128
1,487.701176481969,128
1,488.738526668115,128
1,489.775876854261,128
1,490.813227040407,128
1,491.850577226553,128
1,492.887927412699,128
1,493.925277598845,128
1,494.962627784991,128
1,495.999977971137,128
1,497.037328157283,128
1,498.074678343429,128
1,499.112028529575,128
1,500.149378715721,128
1,501.186728901867,128
1,502.224079088014,128
1,503.26142927416,128
1,504.298779460306,128
1,505.336129646452,128
1,506.373479832598,128
1,507.410830018744,128
1,508.44818020489,128
1,509.485530391036,128
1,510.522880577182,128
1,511.560230763328,128
1,512.597580949474,128
1,513.63493113562,128
1,514.672281321766,128
1,515.709631507912,128
1,516.746981694058,128
1,517.784331880204,128
1,518.82168206635,128
1,519.859032252496,128
1,520.896382438642,128
1,521.933732624788,128
1,522.971082810934,128
1,524.00843299708,128
1,525.045783183226,128
1,526.083133369372,128
1,527.120483555518,128
1,528.157833741664,128
1,529.19518392781,128
1,530.232534113956,128
1,531.269884300102,128
1,532.307234486248,128
1,533.344584672394,128
1,534.38193485854,128
1,535.419285044686,128
1,536.456635230832,128
1,537.493985416978,128
1,538.531335603124,128
1,539.56868578927,128
1,540.606035975416,128
1,541.643386161562,128
1,542.680736347708,128
1,543.718086533854,128
1,544.75543672,128
1,545.792786906146,128
1,546.830137092292,128
1,547.867487278438,128
1,548.904837464584,128
1,549.94218765073,128
1,550.979537836876,128
1,552.016888023022,128
1,553.054238209168,128
1,554.091588395314,128
1,555.12893858146,128
1,556.166288767606,128
1,557.203638953752,128
1,558.240989139898,128
1,559.278339326044,128
1,560.31568951219,128
1,561.353039698336,128
1,562.390389884482,128
1,563.427740070628,128
1,564.465090256774,128
1,565.50244044292,128
1,566.539790629066,128
1,567.577140815212,128
1,568.614491001358,128
1,569.651841187504,128
1,570.68919137365,128
1,571.726541559796,128
1,572.763891745942,128
1,573.801241932088,128
1,574.838592118234,128
1,575.87594230438,128
1,576.913292490526,128
1,577.950642676672,128
1,578.987992862818,128
1,580.025343048964,128
1,581.06269323511,128
1,582.100043421256,128
1,583.137393607402,128
1,584.174743793548,128
1,585.212093979694,128
1,586.24944416584,128
1,587.286794351986,128
1,588.324144538132,128
1,589.361494724278,128
1,590.398844910424,128
1,591.43619509657,128
1,592.473545282716,128
1,593.510895468862,128
1,594.548245655008,128
1,595.585595841154,128
1,596.6229460273,128
1,597.660296213446,128
1,598.697646399592,128
1,599.734996585738,128
1,600.772346771884,128
1,601.80969695803,128
1,602.847047144176,128
1,603.884397330322,128
1,604.921747516468,128
1,605.959097702614,128
1,606.99644788876,128
1,608.033798074906,128
1,609.071148261052,128
1,610.108498447198,128
1,611.145848633344,128
1,612.18319881949,128
1,613.220549005636,128
1,614.257899191782,128
1,615.295249377928,128
1,616.332599564074,128
1,617.36994975022,128
1,618.407299936366,128
1,619.444650122512,128
1,620.482000308658,128
1,621.519350494804,128
1,622.55670068095,128
1,623.594050867096,128
1,624.631401053242,128
1,625.668751239388,128
1,626.706101425534,128
1,627.74345161168,128
1,628.780801797826,128
1,629.818151983972,128
1,630.855502170118,128
1,631.892852356264,128
1,632.93020254241,128
1,633.967552728556,128
1,635.004902914702,128
1,636.042253100848,128
1,637.079603286994,128
1,638.11695347314,128
1,639.154303659286,128
1,640.191653845432,128
1,641.229004031578,128
1,642.266354217724,128
1,643.30370440387,128
1,644.341054590016,128
1,645.378404776162,128
1,646.415754962308,128
1,647.453105148454,128
1,648.4904553346,128
1,649.527805520746,128
1,650.565155706892,128
1,651.602505893038,128
1,652.639856079184,128
1,653.67720626533,128
1,654.714556451476,128
1,655.751906637622,128
1,656.789256823768,128
1,657.826607009914,128
1,658.86395719606,128
1,659.901307382206,128
1,660.938657568352,128
1,661.976007754498,128
1,663.013357940644,128
1,664.05070812679,128
1,665.088058312936,128
1,666.125408499082,128
1,667.162758685228,128
1,668.200108871374,128
1,669.23745905752,128
1,670.274809243666,128
1,671.312159429812,128
1,672.349509615958,128
1,673.386859802104,128
1,674.42420998825,128
1,675.461560174396,128
1,676.498910360542,128
1,677.536260546688,128
1,678.573610732834,128
1,679.61096091898,128
1,680.648311105126,128
1,681.685661291272,128
1,682.723011477418,128
1,683.760361663564,128
1,684.79771184971,128
1,685.835062035856,128
1,686.872412222002,128
1,687.909762408148,128
1,688.947112594294,128
1,689.98446278044,128
1,691.021812966586,128
1,692.059163152732,128
1,693.096513338878,128
1,694.133863525024,128
1,695.17121371117,128
1,696.208563897316,128
1,697.245914083462,128
1,698.283264269608,128
1,699.320614455754,128
1,700.3579646419,128
1,701.395314828046,128
1,702.432665014192,128
1,703.470015200338,128
1,704.507365386484,128
1,705.54471557263,128
1,706.582065758776,128
1,707.619415944922,128
1,708.656766131068,128
1,709.694116317214,128
1,710.73146650336,128
1,711.768816689506,128
1,712.806166875652,128
1,713.843517061798,128
1,714.880867247944,128
1,715.91821743409,128
1,716.955567620236,128
1,717.992917806382,128
1,719.030267992528,128
1,720.067618178674,128
1,721.10496836482,128
1,722.142318550966,128
1,723.179668737112,128
1,724.217018923258,128
1,725.254369109404,128
1,726.29171929555,128
1,727.329069481696,128
1,728.366419667842,128
1,729.403769853988,128
1,730.441120040134,128
1,731.47847022628,128
1,732.515820412426,128
1,733.553170598572,128
1,734.590520784718,128
1,735.627870970864,128
1,736.66522115701,128
1,737.702571343156,128
1,738.739921529302,128
1,739.777271715448,128
1,740.814621901594,128
1,741.85197208774,128
1,742.889322273886,128
1,743.926672460032,128
1,744.964022646178,128
1,746.001372832324,128
1,747.03872301847,128
1,748.076073204616,128
1,749.113423390762,128
1,750.150773576908,128
1,751.188123763054,128
1,752.2254739492,128
1,753.262824135346,128
1,754.300174321492,128
1,755.337524507638,128
1,756.374874693784,128
1,757.41222487993,128
1,758.449575066076,128
1,759.486925252222,128
1,760.524275438368,128
1,761.561625624514,128
1,762.59897581066,128
-1,763.636325996806,128
#MOTOR_B2
-1,204,128
-1,204,128
-1,204,128
-1,204,128
-1,204,128
-1,204,128
-1,204,128
-1,204,128
-1,204,128
-1,204,128
-1,204,128
-1,204,128
-1,204,128
-1,204,128
1,204,128
1,204,128
1,204,128
1,204,128
1,204,128
1,204,128
1,204,128
1,204,128
1,204,128
1,204,128
1,204,128
1,204,128
1,204,128
1,204,128
1,204,128
1,204,128
1,204,128
1,204,128
1,204,128
1,204,128
1,204,128
1,204,128
1,204,128
1,204,128
1,204,128
1,204,128
1,204,128
1,204,128
1,204,128
1,204,128
1,204,128
1,204,128
1,204,128
1,204,128
1,204,128
1,204,128
1,204,128
1,204,128
1,204,128
1,204,128
1,204,128
1,204,128
1,207.333333399137,128
1,209.982906050396,128
1,212.632478701656,128
1,215.282051352916,128
1,217.931624004176,128
1,220.581196655436,128
1,223.230769306696,128
1,225.880341957956,128
1,228.529914609216,128
1,231.179487260476,128
1,233.829059911736,128
1,236.478632562996,128
1,239.128205214256,128
1,241.777777865515,128
1,244.427350516775,128
1,247.076923168035,128
1,249.726495819295,128
1,252.376068470555,128
1,255.025641121815,128
1,257.675213773075,128
1,260.324786424335,128
1,262.974359075595,128
1,265.623931726855,128
1,268.273504378115,128
1,270.923077029375,128
1,273.572649680634,128
1,276.222222331894,128
1,278.871794983154,128
1,281.521367634414,128
1,284.170940285674,128
1,286.820512936934,128
1,289.470085588194,128
1,292.119658239454,128
1,294.769230890714,128
1,297.418803541974,128
1,300.068376193234,128
1,302.717948844494,128
1,305.367521495753,128
1,308.017094147013,128
1,310.666666798273,128
1,313.316239449533,128
1,315.965812100793,128
1,318.615384752053,128
1,321.264957403313,128
1,323.914530054573,128
1,326.564102705833,128
1,329.213675357093,128
1,331.863248008353,128
1,334.512820659613,128
1,337.162393310872,128
1,339.811965962132,128
1,342.461538613392,128
1,345.111111264652,128
1,347.760683915912,128
1,350.410256567172,128
1,353.059829218432,128
1,355.709401869692,128
1,358.358974520952,128
1,361.008547172212,128
1,363.658119823472,128
1,366.307692474732,128
1,368.957265125991,128
1,371.606837777251,128
1,374.256410428511,128
1,376.905983079771,128
1,379.555555731031,128
1,382.205128382291,128
1,384.854701033551,128
1,387.504273684811,128
1,390.153846336071,128
1,392.803418987331,128
1,395.452991638591,128
1,398.102564289851,128
1,400.75213694111,128
1,403.40170959237,128
1,406.05128224363,128
1,408.70085489489,128
1,411.35042754615,128
1,414.00000019741,128
1,416.64957284867,128
1,419.29914549993,128
1,421.94871815119,128
1,424.59829080245,128
1,427.24786345371,128
1,429.89743610497,128
1,432.547008756229,128
1,435.196581407489,128
1,437.846154058749,128
1,440.495726710009,128
1,443.145299361269,128
1,445.794872012529,128
1,448.444444663789,128
1,451.094017315049,128
1,453.743589966309,128
1,456.393162617569,128
1,459.042735268829,128
1,461.692307920089,128
1,464.341880571348,128
1,466.991453222608,128
1,469.641025873868,128
1,472.290598525128,128
1,474.940171176388,128
1,477.589743827648,128
1,480.239316478908,128
1,482.888889130168,128
1,485.538461781428,128
1,488.188034432688,128
1,490.837607083948,128
1,493.487179735208,128
1,496.136752386467,128
1,498.786325037727,128
1,501.435897688987,128
1,504.085470340247,128
1,506.735042991507,128
1,509.384615642767,128
1,512.034188294027,128
1,514.683760945287,128
1,517.333333596547,128
1,519.982906247806,128
1,522.632478899066,128
1,525.282051550326,128
1,527.931624201586,128
1,530.581196852846,128
1,533.230769504106,128
1,535.880342155366,128
1,538.529914806625,128
1,541.179487457885,128
1,543.829060109145,128
1,546.478632760405,128
1,549.128205411665,128
1,551.777778062925,128
1,554.427350714185,128
1,557.076923365444,128
1,559.726496016704,128
1,562.376068667964,128
1,565.025641319224,128
1,567.675213970484,128
1,570.324786621744,128
1,572.974359273004,128
1,575.623931924264,128
1,578.273504575523,128
1,580.923077226783,128
1,583.572649878043,128
1,586.222222529303,128
1,588.871795180563,128
1,591.521367831823,128
1,594.170940483083,128
1,596.820513134342,128
1,599.470085785602,128
1,602.119658436862,128
1,604.769231088122,128
1,607.418803739382,128
1,610.068376390642,128
1,612.717949041902,128
1,615.367521693161,128
1,618.017094344421,128
1,620.666666995681,128
1,623.316239646941,128
1,625.965812298201,128
1,628.615384949461,128
1,631.264957600721,128
1,633.91453025198,128
1,636.56410290324,128
1,639.2136755545,128
1,641.86324820576,128
1,644.51282085702,128
1,647.16239350828,128
1,649.81196615954,128
1,652.461538810799,128
1,655.111111462059,128
1,657.760684113319,128
1,660.410256764579,128
1,663.059829415839,128
1,665.709402067099,128
1,668.358974718359,128
1,671.008547369618,128
1,673.658120020878,128
1,676.307692672138,128
1,678.957265323398,128
1,681.606837974658,128
1,684.256410625918,128
1,686.905983277178,128
1,689.555555928437,128
1,692.205128579697,128
1,694.854701230957,128
1,697.504273882217,128
1,700.153846533477,128
1,702.803419184737,128
1,705.452991835997,128
1,708.102564487256,128
1,710.752137138516,128
1,713.401709789776,128
1,716.051282441036,128
1,718.700855092296,128
-1,721.350427743556,128
