OPENBVE
#ACCELERATION
1.5,1.35,15,15,3
3.75,3.2,35,35,7
5,4.1,60,60,20
6,5.1,75,75,100
#PERFORMANCE
5.04           ; Deceleration
0.28           ; CoefficientOfStaticFriction
0              ; Reserved (not used)
0.0025         ; CoefficientOfRollingResistance
1.2            ; AerodynamicDragCoefficient
#DELAY
0              ; DelayPowerUp
0              ; DelayPowerDown
0              ; DelayBrakeUp
0              ; DelayBrakeDown
#MOVE
130            ; JerkPowerUp
110            ; JerkPowerDown
120            ; JerkBrakeUp
120            ; JerkBrakeDown
588            ; BrakeCylinderUp
196            ; BrakeCylinderDown
#BRAKE
1              ; BrakeType
1              ; BrakeControlSystem
1              ; BrakeControlSpeed
#PRESSURE
400            ; BrakeCylinderServiceMaximumPressure
600            ; BrakeCylinderEmergencyMaximumPressure
784            ; MainReservoirMinimumPressure
882            ; MainReservoirMaximumPressure
738            ; BrakePipeNormalPressure
#HANDLE
1              ; HandleType
4              ; PowerNotches
7              ; BrakeNotches
1              ; PowerNotchReduceSteps
#CAB
500            ; X
2700           ; Y
-800           ; Z
#CAR
15             ; MotorCarMass
8              ; NumberOfMotorCars
0              ; TrailerCarMass
0              ; NumberOfTrailerCars
24.7           ; LengthOfACar
1              ; FrontCarIsAMotorCar
2.6            ; WidthOfACar
3.2            ; HeightOfACar
1.5            ; CenterOfGravityHeight
5              ; ExposedFrontalArea
1.6            ; UnexposedFrontalArea
#DEVICE
1              ; Ats
2              ; Atc
1              ; Eb
1              ; ConstSpeed
0              ; HoldBrake
0              ; ReAdhesionDevice
0              ; LoadCompensatingDevice (not used)
0              ; PassAlarm
2              ; DoorOpenMode
2              ; DoorCloseMode
#MOTOR_P1
12,100.742574257426,22.7722772277228
12,100.742574270884,22.7590759123486
12,100.742574284342,22.7458745969745
12,100.7425742978,21.7821788787842
12,100.742574311258,21.7821788776899
12,100.742574324716,21.7821788765956
12,100.742574338174,21.7821788755013
12,100.742574351632,21.782178874407
12,100.74257436509,21.7821788733126
12,100.742574378548,21.7821788722183
12,100.742574392006,21.782178871124
12,100.742574405464,21.7821788700297
12,100.742574418922,21.7821788689354
12,100.74257443238,21.7821788678411
12,100.742574445838,21.7821788667468
12,100.742574459296,21.7821788656525
12,100.742574472754,21.7821788645582
12,100.742574486212,21.7821788634639
12,100.74257449967,21.7821788623696
12,100.742574513128,21.7821788612753
12,100.742574526586,21.782178860181
12,100.742574540044,21.7821788590867
12,100.742574553502,21.7821788579923
12,100.74257456696,21.782178856898
12,100.742574580418,21.7821788558037
12,100.742574593876,21.7821788547094
12,100.742574607334,21.7821788536151
12,100.742574620792,21.7821788525208
12,100.74257463425,21.7821788514265
12,100.742574647708,21.7821788503322
12,100.742574661166,21.7821788492379
12,100.742574674624,21.7821788481436
12,100.742574688082,21.7821788470493
12,100.74257470154,21.782178845955
12,100.742574714998,21.7821788448607
12,100.742574728456,21.7821788437664
12,100.742574741914,21.7821788426721
12,100.742574755373,21.7821788415777
12,100.742574768831,21.7821788404834
12,100.742574782289,21.7821788393891
12,100.742574795747,21.7821788382948
12,100.742574809205,21.7821788372005
12,100.742574822663,21.7821788361062
12,100.742574836121,21.7821788350119
12,100.742574849579,21.7821788339176
12,100.742574863037,21.7821788328233
12,100.742574876495,21.782178831729
12,100.742574889953,21.7821788306347
12,100.742574903411,21.7821788295404
12,100.742574916869,21.7821788284461
12,100.742574930327,21.7821788273518
12,100.742574943785,21.7821788262575
12,100.742574957243,21.7821788251631
12,100.742574970701,21.7821788240688
12,100.742574984159,21.7821788229745
12,100.742574997617,21.7821788218802
12,100.742575011075,21.7821788207859
12,100.742575024533,21.7821788196916
12,100.742575037991,21.7821788185973
12,100.742575051449,21.782178817503
12,100.742575064907,21.7821788164087
12,100.742575078365,21.7821788153144
12,100.742575091823,21.7821788142201
12,100.742575105281,21.7821788131258
12,100.742575118739,21.7821788120315
12,100.742575132197,21.7821788109372
12,100.742575145655,21.7821788098428
12,100.742575159113,21.7821788087485
12,100.742575172571,21.7821788076542
12,100.742575186029,21.7821788065599
12,100.742575199487,21.7821788054656
12,100.742575212945,21.7821788043713
12,100.742575226403,21.782178803277
12,100.742575239861,21.7821788021827
12,100.742575253319,21.7821788010884
12,100.742575266777,21.7821787999941
12,100.742575280235,21.7821787988998
12,100.742575293693,21.7821787978055
12,100.742575307151,21.7821787967112
12,100.742575320609,21.7821787956169
12,100.742575334067,21.7821787945226
12,100.742575347525,21.7821787934282
12,100.742575360983,21.7821787923339
12,100.742575374441,21.7821787912396
12,100.742575387899,21.7821787901453
12,100.742575401357,21.782178789051
12,100.742575414816,21.7821787879567
12,100.742575428274,21.7821787868624
12,100.742575441732,21.7821787857681
12,100.74257545519,21.7821787846738
12,100.742575468648,21.7821787835795
12,100.742575482106,21.7821787824852
12,100.742575495564,21.7821787813909
12,100.742575509022,21.7821787802966
12,100.74257552248,21.7821787792023
12,100.742575535938,21.7821787781079
12,100.742575549396,21.7821787770136
12,100.742575562854,21.7821787759193
12,100.742575576312,21.782178774825
12,100.74257558977,21.7821787737307
12,100.742575603228,21.7821787726364
12,100.742575616686,21.7821787715421
12,100.742575630144,21.7821787704478
12,100.742575643602,21.7821787693535
12,100.74257565706,21.7821787682592
12,100.742575670518,21.7821787671649
12,100.742575683976,21.7821787660706
12,100.742575697434,21.7821787649763
12,100.742575710892,21.782178763882
12,100.74257572435,21.7821787627877
12,100.742575737808,21.7821787616933
12,100.742575751266,21.782178760599
12,100.742575764724,21.7821787595047
12,100.742575778182,21.7821787584104
12,100.74257579164,21.7821787573161
12,100.990097045898,21.7821787562218
12,100.990097073956,21.7821787551275
12,100.990097102013,21.7821787540332
12,100.99009713007,21.7821787529389
12,100.990097158127,21.7821787518446
12,100.990097186184,21.7821787507503
12,100.990097214242,21.782178749656
12,100.990097242299,21.7821787485617
12,100.990097270356,21.7821787474674
12,100.990097298413,21.782178746373
12,100.99009732647,21.7821787452787
12,100.990097354527,21.7821787441844
12,100.990097382585,21.7821787430901
12,100.990097410642,21.7821787419958
12,100.990097438699,21.7821787409015
12,100.990097466756,21.7821787398072
12,100.990097494813,21.7821787387129
12,100.990097522871,21.7821787376186
12,100.990097550928,21.7821787365243
12,100.990097578985,21.78217873543
12,100.990097607042,21.7821787343357
12,100.990097635099,21.7821787332414
12,100.990097663157,21.7821787321471
12,100.990097691214,21.7821787310528
12,100.990097719271,21.7821787299584
12,100.990097747328,21.7821787288641
12,100.990097775385,21.7821787277698
12,100.990097803442,21.7821787266755
12,100.9900978315,21.7821787255812
12,100.990097859557,21.7821787244869
12,100.990097887614,21.7821787233926
12,100.990097915671,21.7821787222983
12,100.990097943728,21.782178721204
12,100.990097971786,21.7821787201097
12,100.990097999843,21.7821787190154
12,100.9900980279,20.7920799255371
12,100.990098055957,20.3838031359125
12,100.990098084014,19.975526346288
12,100.990098112072,19.5672495566634
12,100.990098140129,19.1589727670389
12,100.990098168186,18.7506959774143
12,100.990098196243,18.3424191877897
12,100.9900982243,17.9341423981652
12,100.990098252357,17.5258656085406
12,100.990098280415,17.1175888189161
12,100.990098308472,16.7093120292915
12,100.990098336529,16.3010352396669
12,100.990098364586,15.8927584500424
12,100.990098392643,15.4844816604178
12,100.990098420701,15.0762048707932
12,100.990098448758,14.6679280811687
12,100.990098476815,14.2596512915441
12,100.990098504872,13.8513745019196
12,100.990098532929,13.443097712295
12,100.990098560987,13.0348209226704
12,100.990098589044,12.6265441330459
12,100.990098617101,12.2182673434213
12,100.990098645158,11.8099905537967
12,100.990098673215,11.4017137641722
12,100.990098701272,10.9934369745476
12,100.99009872933,10.5851601849231
12,100.990098757387,10.1768833952985
12,100.990098785444,9.76860660567393
12,100.990098813501,9.36032981604937
12,100.990098841558,8.95205302642481
12,100.990098869616,8.54377623680025
12,100.990098897673,8.13549944717569
12,100.99009892573,7.72722265755112
12,100.990098953787,7.31894586792656
12,100.990098981844,6.910669078302
12,100.990099009902,6.50239228867744
12,100.990097191718,6.09411549905288
12,100.990097196275,5.68583870942831
12,100.990097200831,5.27756191980375
12,100.990097205388,4.86928513017919
12,100.990097209945,4.46100834055463
12,100.990097214502,4.05273155093007
12,100.990097219059,3.6444547613055
12,100.990097223616,3.23617797168094
12,100.990097228173,2.82790118205638
12,100.990097232729,2.41962439243182
12,100.990097237286,2.01134760280726
12,100.990097241843,1.60307081318269
12,100.9900972464,1.19479402355813
12,100.990097250957,0.78651723393357
12,100.990097255514,0.378240444309008
12,100.990097260071,0
12,100.990097264627,0
12,100.990097269184,0
12,100.990097273741,0
12,100.990097278298,0
12,100.990097282855,0
12,100.990097287412,0
12,100.990097291968,0
12,100.990097296525,0
12,100.990097301082,0
12,100.990097305639,0
12,100.990097310196,0
12,100.990097314753,0
12,100.99009731931,0
12,100.990097323866,0
12,100.990097328423,0
12,100.99009733298,0
12,100.990097337537,0
12,100.990097342094,0
12,100.990097346651,0
12,100.990097351208,0
12,100.990097355764,0
12,100.990097360321,0
12,100.990097364878,0
12,100.990097369435,0
12,100.990097373992,0
12,100.990097378549,0
12,100.990097383106,0
12,100.990097387662,0
12,100.990097392219,0
12,100.990097396776,0
12,100.990097401333,0
12,100.99009740589,0
12,100.990097410447,0
12,100.990097415004,0
12,100.99009741956,0
12,100.990097424117,0
12,100.990097428674,0
12,100.990097433231,0
12,100.990097437788,0
12,100.990097442345,0
12,100.990097446901,0
12,100.990097451458,0
12,100.990097456015,0
12,100.990097460572,0
12,100.990097465129,0
12,100.990097469686,0
12,100.990097474243,0
12,100.990097478799,0
12,100.990097483356,0
12,100.990097487913,0
12,100.99009749247,0
12,100.990097497027,0
12,100.990097501584,0
12,100.990097506141,0
12,100.990097510697,0
12,100.990097515254,0
12,100.990097519811,0
12,100.990097524368,0
12,100.990097528925,0
12,100.990097533482,0
12,100.990097538039,0
12,100.990097542595,0
12,100.990097547152,0
12,100.990097551709,0
12,100.990097556266,0
12,100.990097560823,0
12,100.99009756538,0
12,100.990097569936,0
12,100.990097574493,0
12,100.99009757905,0
12,100.990097583607,0
12,100.990097588164,0
12,100.990097592721,0
12,100.990097597278,0
12,100.990097601834,0
12,100.990097606391,0
12,100.990097610948,0
12,100.990097615505,0
12,100.990097620062,0
12,100.990097624619,0
12,100.990097629176,0
12,100.990097633732,0
12,100.990097638289,0
12,100.990097642846,0
12,100.990097647403,0
12,100.99009765196,0
12,100.990097656517,0
12,100.990097661074,0
12,100.99009766563,0
12,100.990097670187,0
12,100.990097674744,0
12,100.990097679301,0
12,100.990097683858,0
12,100.990097688415,0
12,100.990097692972,0
12,100.990097697528,0
12,100.990097702085,0
12,100.990097706642,0
12,100.990097711199,0
12,100.990097715756,0
12,100.990097720313,0
12,100.990097724869,0
12,100.990097729426,0
12,100.990097733983,0
12,100.99009773854,0
12,100.990097743097,0
12,100.990097747654,0
12,100.990097752211,0
12,100.990097756767,0
12,100.990097761324,0
12,100.990097765881,0
12,100.990097770438,0
12,100.990097774995,0
12,100.990097779552,0
12,100.990097784109,0
12,100.990097788665,0
12,100.990097793222,0
12,100.990097797779,0
12,100.990097802336,0
12,100.990097806893,0
12,100.99009781145,0
12,100.990097816007,0
12,100.990097820563,0
12,100.99009782512,0
12,100.990097829677,0
12,100.990097834234,0
12,100.990097838791,0
12,100.990097843348,0
12,100.990097847905,0
12,100.990097852461,0
12,100.990097857018,0
12,100.990097861575,0
12,100.990097866132,0
12,100.990097870689,0
12,100.990097875246,0
12,100.990097879802,0
12,100.990097884359,0
12,100.990097888916,0
12,100.990097893473,0
12,100.99009789803,0
12,100.990097902587,0
12,100.990097907144,0
12,100.9900979117,0
12,100.990097916257,0
12,100.990097920814,0
12,100.990097925371,0
12,100.990097929928,0
12,100.990097934485,0
12,100.990097939042,0
12,100.990097943598,0
12,100.990097948155,0
12,100.990097952712,0
12,100.990097957269,0
12,100.990097961826,0
12,100.990097966383,0
12,100.99009797094,0
12,100.990097975496,0
12,100.990097980053,0
12,100.99009798461,0
12,100.990097989167,0
12,100.990097993724,0
12,100.990097998281,0
12,100.990098002837,0
12,100.990098007394,0
12,100.990098011951,0
12,100.990098016508,0
12,100.990098021065,0
12,100.990098025622,0
12,100.990098030179,0
12,100.990098034735,0
12,100.990098039292,0
12,100.990098043849,0
12,100.990098048406,0
12,100.990098052963,0
12,100.99009805752,0
12,100.990098062077,0
12,100.990098066633,0
12,100.99009807119,0
12,100.990098075747,0
12,100.990098080304,0
12,100.990098084861,0
12,100.990098089418,0
12,100.990098093975,0
12,100.990098098531,0
12,100.990098103088,0
12,100.990098107645,0
12,100.990098112202,0
12,100.990098116759,0
12,100.990098121316,0
12,100.990098125873,0
12,100.990098130429,0
12,100.990098134986,0
12,100.990098139543,0
12,100.9900981441,0
12,100.990098148657,0
12,100.990098153214,0
12,100.99009815777,0
12,100.990098162327,0
12,100.990098166884,0
12,100.990098171441,0
12,100.990098175998,0
12,100.990098180555,0
12,100.990098185112,0
12,100.990098189668,0
12,100.990098194225,0
12,100.990098198782,0
12,100.990098203339,0
12,100.990098207896,0
12,100.990098212453,0
12,100.99009821701,0
12,100.990098221566,0
12,100.990098226123,0
12,100.99009823068,0
12,100.990098235237,0
12,100.990098239794,0
12,100.990098244351,0
12,100.990098248908,0
12,100.990098253464,0
12,100.990098258021,0
12,100.990098262578,0
12,100.990098267135,0
12,100.990098271692,0
12,100.990098276249,0
12,100.990098280806,0
12,100.990098285362,0
12,100.990098289919,0
12,100.990098294476,0
12,100.990098299033,0
12,100.99009830359,0
12,100.990098308147,0
12,100.990098312703,0
12,100.99009831726,0
12,100.990098321817,0
12,100.990098326374,0
12,100.990098330931,0
12,100.990098335488,0
12,100.990098340045,0
12,100.990098344601,0
12,100.990098349158,0
12,100.990098353715,0
12,100.990098358272,0
12,100.990098362829,0
12,100.990098367386,0
12,100.990098371943,0
12,100.990098376499,0
12,100.990098381056,0
12,100.990098385613,0
12,100.99009839017,0
12,100.990098394727,0
12,100.990098399284,0
12,100.990098403841,0
12,100.990098408397,0
12,100.990098412954,0
12,100.990098417511,0
12,100.990098422068,0
12,100.990098426625,0
12,100.990098431182,0
12,100.990098435739,0
12,100.990098440295,0
12,100.990098444852,0
12,100.990098449409,0
12,100.990098453966,0
12,100.990098458523,0
12,100.99009846308,0
12,100.990098467636,0
12,100.990098472193,0
12,100.99009847675,0
12,100.990098481307,0
12,100.990098485864,0
12,100.990098490421,0
12,100.990098494978,0
12,100.990098499534,0
12,100.990098504091,0
12,100.990098508648,0
12,100.990098513205,0
12,100.990098517762,0
12,100.990098522319,0
12,100.990098526876,0
12,100.990098531432,0
12,100.990098535989,0
12,100.990098540546,0
12,100.990098545103,0
12,100.99009854966,0
12,100.990098554217,0
12,100.990098558774,0
12,100.99009856333,0
12,100.990098567887,0
12,100.990098572444,0
12,100.990098577001,0
12,100.990098581558,0
12,100.990098586115,0
12,100.990098590671,0
12,100.990098595228,0
12,100.990098599785,0
12,100.990098604342,0
12,100.990098608899,0
12,100.990098613456,0
12,100.990098618013,0
12,100.990098622569,0
12,100.990098627126,0
12,100.990098631683,0
12,100.99009863624,0
12,100.990098640797,0
12,100.990098645354,0
12,100.990098649911,0
12,100.990098654467,0
12,100.990098659024,0
12,100.990098663581,0
12,100.990098668138,0
12,100.990098672695,0
12,100.990098677252,0
12,100.990098681809,0
12,100.990098686365,0
12,100.990098690922,0
12,100.990098695479,0
12,100.990098700036,0
12,100.990098704593,0
12,100.99009870915,0
12,100.990098713707,0
12,100.990098718263,0
12,100.99009872282,0
12,100.990098727377,0
12,100.990098731934,0
12,100.990098736491,0
12,100.990098741048,0
12,100.990098745604,0
12,100.990098750161,0
12,100.990098754718,0
12,100.990098759275,0
12,100.990098763832,0
12,100.990098768389,0
12,100.990098772946,0
12,100.990098777502,0
12,100.990098782059,0
12,100.990098786616,0
12,100.990098791173,0
12,100.99009879573,0
12,100.990098800287,0
12,100.990098804844,0
12,100.9900988094,0
12,100.990098813957,0
12,100.990098818514,0
12,100.990098823071,0
12,100.990098827628,0
12,100.990098832185,0
12,100.990098836742,0
12,100.990098841298,0
12,100.990098845855,0
12,100.990098850412,0
12,100.990098854969,0
12,100.990098859526,0
12,100.990098864083,0
12,100.99009886864,0
12,100.990098873196,0
12,100.990098877753,0
12,100.99009888231,0
12,100.990098886867,0
12,100.990098891424,0
12,100.990098895981,0
12,100.990098900537,0
12,100.990098905094,0
12,100.990098909651,0
12,100.990098914208,0
12,100.990098918765,0
12,100.990098923322,0
12,100.990098927879,0
12,100.990098932435,0
12,100.990098936992,0
12,100.990098941549,0
12,100.990098946106,0
12,100.990098950663,0
12,100.99009895522,0
12,100.990098959777,0
12,100.990098964333,0
12,100.99009896889,0
12,100.990098973447,0
12,100.990098978004,0
12,100.990098982561,0
12,100.990098987118,0
12,100.990098991675,0
12,100.990098996231,0
12,100.990099000788,0
12,100.990099005345,0
12,100.990099009902,0
12,248,0
12,248,0
12,249,0
12,249,0
12,249,0
12,249,0
12,250,0
12,250,0
12,196,0
12,197,0
12,197,0
12,197,0
12,197,0
12,198,0
12,198,0
12,198,0
12,199,0
12,199,0
12,199,0
12,199,0
12,200,0
12,200,0
12,200,0
12,200,0
12,201,0
12,201,0
12,201,0
12,202,0
12,202,0
12,202,0
12,202,0
12,203,0
12,203,0
12,203,0
12,203,0
12,204,0
12,204,0
12,204,0
12,205,0
12,205,0
12,205,0
12,205,0
12,206,0
12,206,0
12,206,0
12,207,0
12,207,0
12,207,0
12,207,0
12,208,0
12,208,0
12,208,0
12,208,0
12,209,0
12,209,0
12,209,0
12,210,0
12,210,0
12,210,0
12,210,0
12,211,0
12,211,0
12,211,0
12,211,0
12,212,0
12,212,0
12,212,0
12,213,0
12,213,0
12,213,0
12,213,0
12,214,0
12,214,0
12,214,0
12,215,0
12,215,0
12,215,0
12,215,0
12,216,0
12,216,0
12,216,0
12,216,0
12,217,0
12,217,0
12,217,0
12,218,0
12,218,0
12,218,0
12,218,0
12,219,0
12,219,0
12,219,0
12,219,0
12,220,0
12,220,0
12,220,0
12,221,0
12,221,0
12,221,0
12,221,0
12,222,0
12,222,0
12,222,0
12,222,0
12,223,0
12,223,0
12,223,0
12,224,0
12,224,0
12,224,0
12,224,0
12,225,0
12,225,0
12,225,0
12,226,0
12,226,0
12,226,0
12,226,0
12,227,0
12,227,0
12,227,0
12,227,0
12,228,0
12,228,0
12,228,0
12,229,0
12,229,0
12,229,0
12,229,0
12,230,0
12,230,0
12,230,0
12,230,0
12,231,0
12,231,0
12,231,0
12,232,0
12,232,0
12,232,0
12,232,0
12,233,0
12,233,0
12,233,0
12,233,0
12,234,0
12,234,0
12,234,0
12,235,0
12,235,0
12,235,0
12,235,0
12,236,0
12,236,0
12,236,0
12,237,0
12,237,0
12,237,0
12,237,0
12,238,0
12,238,0
12,238,0
12,238,0
12,239,0
12,239,0
12,239,0
12,240,0
12,240,0
12,240,0
12,240,0
12,241,0
12,241,0
12,241,0
12,241,0
12,242,0
12,242,0
12,242,0
12,243,0
12,243,0
12,243,0
12,243,0
12,244,0
12,244,0
12,244,0
12,244,0
12,245,0
12,245,0
12,245,0
12,246,0
12,246,0
12,246,0
12,246,0
12,247,0
12,247,0
12,247,0
12,248,0
12,248,0
12,248,0
12,248,0
12,249,0
12,249,0
12,249,0
12,249,0
12,250,0
12,250,0
12,100,0
12,100,0
12,100,0
12,100,0
12,100,0
12,100,0
12,100,0
12,100,0
12,100,0
12,100,0
12,100,0
12,100,0
12,100,0
12,100,0
12,100,0
12,100,0
12,100,0
12,100,0
12,100,0
12,100,0
12,100,0
12,100,0
12,100,0
12,100,0
12,100,0
12,100,0
12,100,0
12,100,0
12,100,0
12,100,0
12,100,0
12,100,0
12,100,0
12,100,0
12,100,0
12,100,0
12,100,0
12,100,0
12,100,0
12,100,0
12,100,0
12,100,0
12,100,0
12,100,0
12,100,0
12,100,0
12,100,0
12,100,0
12,100,0
12,100,0
12,100,0
12,100,0
12,100,0
12,100,0
12,100,0
12,100,0
12,100,0
12,100,0
12,100,0
12,100,0
12,100,0
12,100,0
12,100,0
12,100,0
12,100,0
12,100,0
12,100,0
12,100,0
12,100,0
12,100,0
12,100,0
12,100,0
12,100,0
12,100,0
12,100,0
12,100,0
12,100,0
12,100,0
12,100,0
12,100,0
12,100,0
12,100,0
12,100,0
12,100,0
12,100,0
12,100,0
12,100,0
12,100,0
12,100,0
12,100,0
12,100,0
12,100,0
12,100,0
12,100,0
12,100,0
12,100,0
12,100,0
12,100,0
12,100,0
12,100,0
12,100,0
12,100,0
12,100,0
12,100,0
12,100,0
12,100,0
12,100,0
12,100,0
12,100,0
12,100,0
12,100,0
12,100,0
12,100,0
12,100,0
12,100,0
12,100,0
12,100,0
12,100,0
12,100,0
12,100,0
12,100,0
12,100,0
12,100,0
12,100,0
12,100,0
12,100,0
12,100,0
12,100,0
12,100,0
12,100,0
12,100,0
12,100,0
12,100,0
12,100,0
12,100,0
12,100,0
12,100,0
12,100,0
12,100,0
12,100,0
12,100,0
12,100,0
12,100,0
12,100,0
12,100,0
12,100,0
12,100,0
12,100,0
12,100,0
12,100,0
12,100,0
12,100,0
12,100,0
12,100,0
12,100,0
12,100,0
12,100,0
12,100,0
12,100,0
12,100,0
12,100,0
12,100,0
12,100,0
12,100,0
12,100,0
12,100,0
12,100,0
12,100,0
12,100,0
12,100,0
12,100,0
12,100,0
12,100,0
12,100,0
12,100,0
12,100,0
12,100,0
12,100,0
12,100,0
12,100,0
12,100,0
12,100,0
12,100,0
12,100,0
12,100,0
12,100,0
12,100,0
12,100,0
12,100,0
12,100,0
12,100,0
12,100,0
12,100,0
12,100,0
12,100,0
12,100,0
12,100,0
12,100,0
12,100,0
12,100,0
12,100,0
12,100,0
12,100,0
12,100,0
12,100,0
12,100,0
12,100,0
12,100,0
12,100,0
12,100,0
12,100,0
12,100,0
12,100,0
12,100,0
12,100,0
12,100,0
12,100,0
12,100,0
12,100,0
12,100,0
12,100,0
12,100,0
12,100,0
12,100,0
12,100,0
12,100,0
12,100,0
12,100,0
12,100,0
12,100,0
12,100,0
12,100,0
12,100,0
12,100,0
12,100,0
12,100,0
12,100,0
12,100,0
12,100,0
12,100,0
12,100,0
12,100,0
12,100,0
12,100,0
12,100,0
12,100,0
12,100,0
12,100,0
12,100,0
12,100,0
12,100,0
12,100,0
12,100,0
12,100,0
12,100,0
12,100,0
12,100,0
12,100,0
12,100,0
12,100,0
12,100,0
12,100,0
12,100,0
12,100,0
12,100,0
12,100,0
12,100,0
12,100,0
12,100,0
12,100,0
12,100,0
12,100,0
12,100,0
12,100,0
12,100,0
12,100,0
12,100,0
12,100,0
12,100,0
12,100,0
12,100,0
12,100,0
12,100,0
12,100,0
12,100,0
12,100,0
12,100,0
12,100,0
12,100,0
12,100,0
12,100,0
12,100,0
12,100,0
12,100,0
12,100,0
12,100,0
12,100,0
12,100,0
12,100,0
12,100,0
12,100,0
12,100,0
12,100,0
12,100,0
12,100,0
12,100,0
12,100,0
12,100,0
12,100,0
12,100,0
12,100,0
12,100,0
12,100,0
12,100,0
12,100,0
12,100,0
12,100,0
12,100,0
12,100,0
12,100,0
12,100,0
12,100,0
12,100,0
12,100,0
12,100,0
12,100,0
12,100,0
12,100,0
12,100,0
12,100,0
12,100,0
12,100,0
12,100,0
12,100,0
12,100,0
12,100,0
12,100,0
12,100,0
12,100,0
12,100,0
12,100,0
12,100,0
12,100,0
12,100,0
12,100,0
12,100,0
12,100,0
12,100,0
12,100,0
12,100,0
12,100,0
12,100,0
12,100,0
12,100,0
12,100,0
12,100,0
12,100,0
12,100,0
12,100,0
12,100,0
12,100,0
12,100,0
12,100,0
12,100,0
12,100,0
12,100,0
12,100,0
12,100,0
12,100,0
12,100,0
12,100,0
12,100,0
12,100,0
12,100,0
12,100,0
12,100,0
12,100,0
12,100,0
12,100,0
12,100,0
12,100,0
12,100,0
12,100,0
12,100,0
12,100,0
12,100,0
12,100,0
12,100,0
12,100,0
12,100,0
12,100,0
12,100,0
12,100,0
12,100,0
12,100,0
12,100,0
12,100,0
12,100,0
12,100,0
12,100,0
12,100,0
12,100,0
12,100,0
12,100,0
12,100,0
12,100,0
12,100,0
12,100,0
12,100,128
12,100,128
12,100,128
12,100,128
12,100,128
12,100,128
12,100,128
12,100,128
12,100,128
12,100,128
12,100,128
12,100,128
12,100,128
12,100,128
12,100,128
12,100,128
12,100,128
12,100,128
12,100,128
12,100,128
12,100,128
12,100,128
12,100,128
12,100,128
12,100,128
12,100,128
12,100,128
12,100,128
12,100,128
12,100,128
12,100,128
12,100,128
12,100,128
12,100,128
12,100,128
12,100,128
12,100,128
12,100,128
12,100,128
12,100,128
12,100,128
12,100,128
12,100,128
12,100,128
12,100,128
12,100,128
12,100,128
12,100,128
12,100,128
12,100,128
12,100,128
12,100,128
12,100,128
12,100,128
12,100,128
12,100,128
12,100,128
12,100,128
12,100,128
12,100,128
12,100,128
12,100,128
12,100,128
12,100,128
12,100,128
12,100,128
12,100,128
12,100,128
12,100,128
12,100,128
12,100,128
12,100,128
12,100,128
12,100,128
12,100,128
12,100,128
12,100,128
12,100,128
12,100,128
12,100,128
12,100,128
12,100,128
12,100,128
12,100,128
12,100,128
12,100,128
12,100,128
12,100,128
12,100,128
12,100,128
12,100,128
12,100,128
12,100,128
12,100,128
12,100,128
12,100,128
12,100,128
12,100,128
12,100,128
12,100,128
12,100,128
12,100,128
12,100,128
12,100,128
12,100,128
12,100,128
12,100,128
12,100,128
12,100,128
12,100,128
12,100,128
12,100,128
12,100,128
12,100,128
12,100,128
12,100,128
12,100,128
12,100,128
12,100,128
12,100,128
12,100,128
12,100,128
12,100,128
-1,100,128
#MOTOR_P2
4,200,0
4,200,0
4,200,0.815217352978401
4,200,1.6304347059568
4,200,2.4456520589352
4,200,3.2608694119136
4,200,4.076086764892
4,200,4.8913041178704
4,200,5.7065214708488
4,200,6.52173882382721
4,200,6.90217398243238
4,200,6.90217398073997
4,200,6.90217397904756
4,200,6.90217397735514
4,200,6.90217397566273
4,200,6.90217397397032
4,200,6.90217397227791
4,200,6.90217397058549
4,200,6.90217396889308
4,200,6.90217396720067
4,200,6.90217396550826
4,200,6.90217396381584
4,200,6.90217396212343
4,200,6.90217396043102
4,200,6.90217395873861
4,200,6.90217395704619
4,200,6.90217395535378
4,200,6.90217395366137
4,200,6.90217395196896
4,200,6.90217395027654
4,200,6.90217394858413
4,200,6.90217394689172
4,200,6.90217394519931
4,200,6.90217394350689
4,200,6.90217394181448
4,200,6.90217394012207
4,200,6.90217393842966
4,200,6.90217393673724
4,200,6.90217393504483
4,200,6.90217393335242
4,200,6.90217393166001
4,200,6.90217392996759
4,200,6.90217392827518
4,200,6.90217392658277
4,200,6.90217392489036
4,200,6.90217392319795
4,200,6.90217392150553
4,200,6.90217391981312
4,200,6.90217391812071
4,200,6.9021739164283
4,200,6.90217391473588
4,200,7.60869550704956
4,200,6.52173900604248
4,200,6.44927524513956
4,200,6.37681148423665
4,200,6.30434772333373
4,200,6.23188396243082
4,200,6.1594202015279
4,200,6.08695644062499
4,200,6.01449267972207
4,200,5.94202891881915
4,200,5.86956515791624
4,200,5.79710139701332
4,200,5.72463763611041
4,200,5.65217387520749
4,200,5.57971011430458
4,200,5.50724635340166
4,200,5.43478259249874
4,200,6.80354255530367
4,200,6.84380020519812
4,200,6.88405785509258
4,200,6.92431550498703
4,200,6.96457315488149
4,200,7.00483080477594
4,200,7.0450884546704
4,200,7.08534610456485
4,200,7.12560375445931
4,200,7.16586140435376
4,200,7.20611905424822
4,200,7.24637670414267
4,200,7.28663435403713
4,200,5.4347825050354
4,200,4.89130415832218
4,200,4.34782581160895
4,200,3.80434746489573
4,200,3.26086911818251
4,200,2.71739077146928
4,200,2.17391242475606
4,197.826086956522,1.63043407804284
4,198.007246408306,1.08695573132961
4,198.188405860089,0.543477384616391
4,198.369565311873,0
4,198.550724763657,0
4,198.731884215441,0
4,198.913043667225,0
4,199.094203119009,0
4,199.275362570793,0
4,199.456522022576,0
4,199.63768147436,0
4,199.818840926144,0
4,200.000000377928,0
3,382.906513395066,0
3,390.321641884939,0
3,397.736770374811,0
3,405.151898864684,0
3,412.567027354557,0
3,419.982155844429,0
3,427.397284334302,0
3,434.812412824175,0
3,442.227541314048,0
3,449.64266980392,0
3,457.057798293793,0
7,464.472926783666,0
7,169.565216064453,2.17391300201416
7,170.450954033137,4.89130262609516
7,171.336692001821,7.60869225017616
7,172.222429970506,10.3260818742572
7,173.10816793919,13.0434714983382
7,173.993905907874,15.7608611224192
7,174.879643876558,18.4782600402832
7,175.765381845242,18.4782600661983
7,176.651119813926,18.4782600921133
7,177.53685778261,18.4782601180284
7,178.422595751295,18.4782601439435
7,179.308333719979,18.4782601698585
7,180.194071688663,18.4782601957736
7,181.079809657347,18.4782602216887
7,181.965547626031,18.4782602476037
7,182.851285594715,18.4782602735188
7,183.737023563399,18.4782602994338
7,184.622761532084,18.4782603253489
7,185.508499500768,18.478260351264
7,186.394237469452,18.478260377179
7,187.279975438136,18.4782604030941
7,188.16571340682,18.4782604290092
7,189.051451375504,18.4782604549242
7,189.937189344188,18.4782604808393
7,190.822927312872,18.4782605067544
7,191.708665281557,18.4782605326694
7,192.594403250241,18.4782605585845
7,193.480141218925,18.4782605844995
7,194.365879187609,18.4782606104146
7,195.251617156293,18.4782606363297
7,196.137355124977,18.4782606622447
7,197.023093093661,18.4782606881598
7,197.908831062346,18.4782607140749
7,198.79456903103,18.4782607399899
7,199.680306999714,18.478260765905
7,200.566044968398,18.4782607918201
7,201.451782937082,18.4782608177351
7,202.337520905766,18.4782608436502
7,203.22325887445,18.4782608695652
7,204.108996843135,10.1449319248008
7,204.994734811819,6.5217458791446
7,205.880472780503,6.26086944688921
7,206.766210749187,6.1956520571009
7,207.651948717871,6.13043466731258
7,208.537686686555,6.06521727752426
7,209.423424655239,5.99999988773595
7,210.309162623924,5.93478249794763
7,211.194900592608,5.86956510815931
7,212.080638561292,5.804347718371
7,212.966376529976,5.73913032858268
7,213.85211449866,5.67391293879436
7,214.737852467344,5.60869554900605
7,215.623590436028,5.54347815921773
7,216.509328404713,5.47826076942941
7,217.395066373397,5.41304337964109
7,218.280804342081,5.34782598985278
7,219.166542310765,5.28260860006446
7,220.052280279449,5.21739121027614
7,220.938018248133,5.15217382048783
7,221.823756216817,5.08695643069951
7,222.709494185502,5.02173904091119
7,223.595232154186,4.95652165112288
7,224.48097012287,4.89130426133456
7,225.366708091554,4.82608687154624
7,226.252446060238,4.76086948175793
7,227.138184028922,4.69565209196961
7,228.023921997606,4.63043470218129
7,228.90965996629,4.56521731239298
7,229.795397934975,4.49999992260466
7,230.681135903659,4.43478253281634
7,231.566873872343,4.36956514302803
7,232.452611841027,4.30434775323971
7,233.338349809711,4.23913036345139
7,234.224087778395,4.17391297366308
7,235.109825747079,4.10869558387476
7,235.995563715764,4.04347819408644
7,236.881301684448,3.97826080429812
7,237.767039653132,3.91304341450981
7,238.652777621816,3.84782602472149
7,239.5385155905,3.78260863493317
7,240.424253559184,3.71739124514486
7,241.309991527868,3.65217385535654
7,242.195729496553,3.58695646556822
7,243.081467465237,3.52173907577991
7,243.967205433921,3.45652168599159
7,244.852943402605,3.39130429620327
7,245.738681371289,3.32608690641496
7,246.624419339973,3.26086950302124
7,247.510157308657,3.50790499698238
7,248.395895277342,3.75494049094352
7,249.281633246026,4.00197598490467
7,250.16737121471,4.24901147886581
7,251.053109183394,3.26086950302124
7,251.938847152078,3.43249425726865
7,252.824585120762,3.60411901151606
7,253.710323089446,3.77574376576347
7,254.596061058131,3.94736852001088
7,255.481799026815,4.11899327425829
7,256.367536995499,4.29061802850569
7,257.253274964183,4.4622427827531
7,258.139012932867,4.63386753700051
7,259.024750901551,4.80549229124792
7,259.910488870235,4.97711704549533
7,260.796226838919,5.14874179974274
7,261.681964807603,5.32036655399015
7,262.567702776288,5.49199130823756
7,263.453440744972,5.66361606248497
7,264.339178713656,5.83524081673237
7,265.22491668234,6.00686557097978
7,266.110654651024,6.17849032522719
7,266.996392619708,6.3501150794746
7,267.882130588392,6.52173900604248
7,268.767868557076,6.37435510892051
7,269.65360652576,6.22697121179854
7,270.539344494445,6.07958731467657
7,271.425082463129,5.9322034175546
7,272.310820431813,5.78481952043263
7,273.196558400497,5.63743562331065
7,274.082296369181,5.49005172618868
7,274.968034337865,5.34266782906671
7,275.853772306549,5.19528393194474
7,276.739510275233,5.04790003482277
7,277.625248243918,4.9005161377008
7,278.510986212602,4.75313224057883
7,279.396724181286,4.60574834345686
7,280.28246214997,4.45836444633489
7,281.168200118654,4.31098054921292
7,282.053938087338,4.16359665209094
7,282.939676056022,4.01621275496897
7,283.825414024706,3.868828857847
7,284.71115199339,3.72144496072503
7,285.596889962075,3.57406106360306
7,286.482627930759,3.42667716648109
7,287.368365899443,3.27929326935912
7,288.254103868127,3.13190937223715
7,289.139841836811,2.98452547511518
7,290.025579805495,2.83714157799321
7,290.911317774179,2.68975768087124
7,291.797055742863,2.54237378374927
7,292.682793711547,2.3949898866273
7,293.568531680232,2.24760598950533
7,294.454269648916,2.10022209238336
7,295.3400076176,1.95283819526139
7,296.225745586284,1.80545429813942
7,297.111483554968,1.65807040101745
7,297.997221523652,1.51068650389547
7,298.882959492336,1.3633026067735
7,299.76869746102,1.21591870965153
7,300.654435429704,1.06853481252956
7,301.540173398389,0.921150915407593
7,302.425911367073,0.773767018285622
7,303.311649335757,0.626383121163651
7,304.197387304441,0.478999224041681
7,305.083125273125,0.33161532691971
7,305.968863241809,0.184231429797739
7,306.854601210493,0.0368475326757688
7,307.740339179177,0
7,308.626077147861,0
7,309.511815116546,0
7,310.39755308523,0
7,311.283291053914,0
7,312.169029022598,0
7,313.054766991282,0
7,313.940504959966,0
7,314.82624292865,0
7,315.711980897334,0
7,316.597718866018,0
7,317.483456834703,0
7,318.369194803387,0
7,319.254932772071,0
7,320.140670740755,0
7,321.026408709439,0.163043481014817
7,321.912146678123,0.163043480997817
7,322.797884646807,0.163043480980817
7,323.683622615491,0.163043480963818
7,324.569360584175,0.163043480946818
7,325.45509855286,0.163043480929818
7,326.340836521544,0.163043480912819
7,327.226574490228,0.163043480895819
7,328.112312458912,0.163043480878819
7,328.998050427596,0.16304348086182
7,329.88378839628,0.16304348084482
7,330.769526364964,0.16304348082782
7,331.655264333648,0.163043480810821
7,332.541002302332,0.163043480793821
7,333.426740271017,0.163043480776821
7,334.312478239701,0.163043480759822
7,335.198216208385,0.163043480742822
7,336.083954177069,0.163043480725822
7,336.969692145753,0.163043480708823
7,337.855430114437,0.163043480691823
7,338.741168083121,0.163043480674823
7,339.626906051805,0.163043480657823
7,340.512644020489,0.163043480640824
7,341.398381989174,0.163043480623824
7,342.284119957858,0.163043480606824
7,343.169857926542,0.163043480589825
7,344.055595895226,0.163043480572825
7,344.94133386391,0.163043480555825
7,345.827071832594,0.163043480538826
7,346.712809801278,0.163043480521826
7,347.598547769962,0.163043480504826
7,348.484285738646,0.163043480487827
7,349.370023707331,0.163043480470827
7,350.255761676015,0.163043480453827
7,351.141499644699,0.163043480436828
7,352.027237613383,0.163043480419828
7,352.912975582067,0.163043480402828
7,353.798713550751,0.163043480385829
7,354.684451519435,0.163043480368829
7,355.570189488119,0.163043480351829
7,356.455927456803,0.16304348033483
7,357.341665425488,0.16304348031783
7,358.227403394172,0.16304348030083
7,359.113141362856,0.163043480283831
7,359.99887933154,0.163043480266831
7,360.884617300224,0.163043480249831
7,361.770355268908,0.163043480232831
7,362.656093237592,0.163043480215832
7,363.541831206276,0.163043480198832
7,364.42756917496,0.163043480181832
7,365.313307143645,0.163043480164833
7,366.199045112329,0.163043480147833
7,367.084783081013,0.163043480130833
7,367.970521049697,0.163043480113834
7,368.856259018381,0.163043480096834
7,369.741996987065,0.163043480079834
7,370.627734955749,0.163043480062835
7,371.513472924433,0.163043480045835
7,372.399210893117,0.163043480028835
7,373.284948861802,0.163043480011836
7,374.170686830486,0.163043479994836
7,375.05642479917,0.163043479977836
7,375.942162767854,0.163043479960837
7,376.827900736538,0.163043479943837
7,377.713638705222,0.163043479926837
7,378.599376673906,0.163043479909838
7,379.48511464259,0.163043479892838
7,380.370852611274,0.163043479875838
7,381.256590579959,0.163043479858839
7,382.142328548643,0.163043479841839
7,383.028066517327,0.163043479824839
7,383.913804486011,0.16304347980784
7,384.799542454695,0.16304347979084
7,385.685280423379,0.16304347977384
7,386.571018392063,0.16304347975684
7,387.456756360747,0.163043479739841
7,388.342494329431,0.163043479722841
7,389.228232298116,0.163043479705841
7,390.1139702668,0.163043479688842
7,390.999708235484,0.163043479671842
7,391.885446204168,0.163043479654842
7,392.771184172852,0.163043479637843
7,393.656922141536,0.163043479620843
7,394.54266011022,0.163043479603843
7,395.428398078904,0.163043479586844
7,396.314136047588,0.163043479569844
7,397.199874016273,0.163043479552844
7,398.085611984957,0.163043479535845
7,398.971349953641,0.163043479518845
7,399.857087922325,0.163043479501845
7,400.742825891009,0.163043479484846
7,401.628563859693,0.163043479467846
7,402.514301828377,0.163043479450846
7,403.400039797061,0.163043479433847
7,404.285777765745,0.163043479416847
7,405.17151573443,0.163043479399847
7,406.057253703114,0.163043479382848
7,406.942991671798,0.163043479365848
7,407.828729640482,0.163043479348848
7,408.714467609166,0.163043479331848
7,409.60020557785,0.163043479314849
7,410.485943546534,0.163043479297849
7,411.371681515218,0.163043479280849
7,412.257419483902,0.16304347926385
7,413.143157452587,0.16304347924685
7,414.028895421271,0.16304347922985
7,414.914633389955,0.163043479212851
7,415.800371358639,0.163043479195851
7,416.686109327323,0.163043479178851
7,417.571847296007,0.163043479161852
7,418.457585264691,0.163043479144852
7,419.343323233375,0.163043479127852
7,420.229061202059,0.163043479110853
7,421.114799170744,0.163043479093853
7,422.000537139428,0.163043479076853
7,422.886275108112,0.163043479059854
7,423.772013076796,0.163043479042854
7,424.65775104548,0.163043479025854
7,425.543489014164,0.163043479008855
7,426.429226982848,0.163043478991855
7,427.314964951532,0.163043478974855
7,428.200702920216,0.163043478957856
7,429.086440888901,0.163043478940856
7,429.972178857585,0.163043478923856
7,430.857916826269,0.163043478906856
7,431.743654794953,0.163043478889857
7,432.629392763637,0.163043478872857
7,433.515130732321,0.163043478855857
7,434.400868701005,0.163043478838858
7,435.286606669689,0.163043478821858
7,436.172344638373,0.163043478804858
7,437.058082607058,0.163043478787859
7,437.943820575742,0.163043478770859
7,438.829558544426,0.163043478753859
7,439.71529651311,0.16304347873686
7,440.601034481794,0.16304347871986
7,441.486772450478,0.16304347870286
7,442.372510419162,0.163043478685861
7,443.258248387846,0.163043478668861
7,444.14398635653,0.163043478651861
7,445.029724325215,0.163043478634862
7,445.915462293899,0.163043478617862
7,446.801200262583,0.163043478600862
7,447.686938231267,0.163043478583863
7,448.572676199951,0.163043478566863
7,449.458414168635,0.163043478549863
7,450.344152137319,0.163043478532864
7,451.229890106003,0.163043478515864
7,452.115628074687,0.163043478498864
7,453.001366043372,0.163043478481865
7,453.887104012056,0.163043478464865
7,454.77284198074,0.163043478447865
7,455.658579949424,0.163043478430865
7,456.544317918108,0.163043478413866
7,457.430055886792,0.163043478396866
7,458.315793855476,0.163043478379866
7,459.20153182416,0.163043478362867
7,460.087269792844,0.163043478345867
7,460.973007761529,0.163043478328867
7,461.858745730213,0.163043478311868
7,462.744483698897,0.163043478294868
7,463.630221667581,0.163043478277868
7,464.515959636265,0.163043478260869
7,465.401697604949,0
7,466.287435573633,0
7,467.173173542317,0
7,468.058911511001,0
7,468.944649479686,0
7,469.83038744837,0
7,470.716125417054,0
7,471.601863385738,0
7,472.487601354422,0
7,473.373339323106,0
7,474.25907729179,0
7,475.144815260474,0
7,476.030553229158,0
7,476.916291197843,0
7,477.802029166527,0
7,478.687767135211,0
7,479.573505103895,0
7,480.459243072579,0
7,481.344981041263,0
7,482.230719009947,0
7,483.116456978631,0
7,484.002194947315,0
7,484.887932916,0
7,485.773670884684,0
7,486.659408853368,0
7,487.545146822052,0
7,488.430884790736,0
7,489.31662275942,0
7,490.202360728104,0
7,491.088098696788,0
7,491.973836665472,0
7,492.859574634157,0
7,493.745312602841,0
7,494.631050571525,0
7,495.516788540209,0
7,496.402526508893,0
7,497.288264477577,0
7,498.174002446261,0
7,499.059740414945,0
7,499.945478383629,0
7,500.831216352314,0
7,501.716954320998,0
7,502.602692289682,0
7,503.488430258366,0
7,504.37416822705,0
7,505.259906195734,0
7,506.145644164418,0
7,507.031382133102,0
7,507.917120101786,0
7,508.802858070471,0
7,509.688596039155,0
7,510.574334007839,0
7,511.460071976523,0
7,512.345809945207,0
7,513.231547913891,0
7,514.117285882575,0
7,515.003023851259,0
7,515.888761819944,0
7,516.774499788628,0
7,517.660237757312,0
7,518.545975725996,0
7,519.43171369468,0
7,520.317451663364,0
7,521.203189632048,0
7,522.088927600732,0
7,522.974665569416,0
7,523.860403538101,0
7,524.746141506785,0
7,525.631879475469,0
7,526.517617444153,0
7,527.403355412837,0
7,528.289093381521,0
7,529.174831350205,0
7,530.060569318889,0
7,530.946307287573,0
7,531.832045256258,0
7,532.717783224942,0
7,533.603521193626,0
7,534.48925916231,0
7,535.374997130994,0
7,536.260735099678,0
7,537.146473068362,0
7,538.032211037046,0
7,538.91794900573,0
7,539.803686974415,0
7,540.689424943099,0
7,541.575162911783,0
7,542.460900880467,0
7,543.346638849151,0
7,544.232376817835,0
7,545.118114786519,0
7,546.003852755203,0
7,546.889590723887,0
7,547.775328692572,0
7,548.661066661256,0
7,549.54680462994,0
7,550.432542598624,0
7,551.318280567308,0
7,552.204018535992,0
7,553.089756504676,0
7,553.97549447336,0
7,554.861232442044,0
7,555.746970410729,0
7,556.632708379413,0
7,557.518446348097,0
7,558.404184316781,0
7,559.289922285465,0
7,560.175660254149,0
7,561.061398222833,0
7,561.947136191517,0
7,562.832874160201,0
7,563.718612128886,0
7,564.60435009757,0
7,565.490088066254,0
7,566.375826034938,0
7,567.261564003622,0
7,568.147301972306,0
7,569.03303994099,0
7,569.918777909674,0
7,570.804515878358,0
7,571.690253847043,0
7,572.575991815727,0
7,573.461729784411,0
7,574.347467753095,0
7,575.233205721779,0
7,576.118943690463,0
7,577.004681659147,0
7,577.890419627831,0
7,578.776157596515,0
7,579.6618955652,0
7,580.547633533884,0
7,581.433371502568,0
7,582.319109471252,0
7,583.204847439936,0
7,584.09058540862,0
7,584.976323377304,0
7,585.862061345988,0
7,586.747799314672,0
7,587.633537283357,0
7,588.519275252041,0
7,589.405013220725,0
7,590.290751189409,0
7,591.176489158093,0
7,592.062227126777,0
7,592.947965095461,0
7,593.833703064145,0
7,594.719441032829,0
7,595.605179001514,0
7,596.490916970198,0
7,597.376654938882,0
7,598.262392907566,0
7,599.14813087625,0
7,600.033868844934,0
7,600.919606813618,0
7,601.805344782302,0
7,602.691082750986,0
7,603.576820719671,0
7,604.462558688355,0
7,605.348296657039,0
7,606.234034625723,0
7,607.119772594407,0
7,608.005510563091,0
7,608.891248531775,0
7,609.776986500459,0
7,610.662724469143,0
7,611.548462437828,0
7,612.434200406512,0
7,613.319938375196,0
7,614.20567634388,0
7,615.091414312564,0
7,615.977152281248,0
7,616.862890249932,0
7,617.748628218616,0
7,618.6343661873,0
7,619.520104155985,0
7,620.405842124669,0
7,621.291580093353,0
7,622.177318062037,0
7,623.063056030721,0
7,623.948793999405,0
7,624.834531968089,0
7,625.720269936773,0
7,626.606007905457,0
7,627.491745874142,0
7,628.377483842826,0
7,629.26322181151,0
7,630.148959780194,0
7,631.034697748878,0
7,631.920435717562,0
7,632.806173686246,0
7,633.69191165493,0
7,634.577649623614,0
7,635.463387592299,0
7,636.349125560983,0
7,637.234863529667,0
7,638.120601498351,0
7,639.006339467035,0
7,639.892077435719,0
7,640.777815404403,0
7,641.663553373087,0
7,642.549291341771,0
7,643.435029310456,0
7,644.32076727914,0
7,645.206505247824,0
3,646.092243216508,0
3,646.977981185192,0
3,647.863719153876,0
3,648.74945712256,0
3,649.635195091244,0
3,650.520933059928,0
3,651.406671028613,0
3,652.292408997297,0
3,653.178146965981,0
3,654.063884934665,0
3,654.949622903349,0
3,655.835360872033,0
3,656.721098840717,0
3,657.606836809401,0
3,658.492574778085,0
3,659.37831274677,0
3,660.264050715454,0
3,661.149788684138,0
3,662.035526652822,0
3,662.921264621506,0
3,663.80700259019,0
3,664.692740558874,0
3,665.578478527558,0
3,666.464216496242,0
-1,667.349954464927,0
#MOTOR_B1
-1,200,9.90099009900991
-1,200,9.9009901011254
-1,200,9.90099010324089
-1,200,9.90099010535639
-1,200,9.90099010747188
-1,200,9.90099010958737
-1,200,9.90099011170286
-1,200,9.90099011381835
-1,200,9.90099011593384
-1,200,9.90099011804934
-1,200,9.90099012016483
-1,200,9.90099012228032
-1,200,9.90099012439581
-1,200,9.9009901265113
-1,200,9.90099012862679
-1,200,9.90099013074229
-1,200,9.90099013285778
-1,200,9.90099013497327
-1,200,9.90099013708876
-1,200,9.90099013920425
-1,200,9.90099014131975
-1,200,9.90099014343524
-1,200,9.90099014555073
-1,200,9.90099014766622
-1,200,9.9502487562189
-1,200,10.9452736318408
-1,200,14.3946931343964
11,97.5124378109453,17.8441126369521
11,97.5124377110579,21.2935321395077
11,97.5124376111706,24.7429516420633
11,97.5124375112832,28.1923711446189
11,97.5124374113959,31.6417906471746
11,97.5124373115085,35.0912101497302
11,97.5124372116212,38.5406296522858
11,97.5124371117339,41.9900491548415
11,97.5124370118465,45.4394686573971
11,97.5124369119592,48.8888881599527
11,97.5124368120718,52.3383076625083
11,97.5124367121845,55.787727165064
11,97.5124366122971,59.2371466676196
11,97.5124365124098,62.6865661701752
11,97.5124364125224,64.1080309998047
11,97.5124363126351,65.5294948354304
11,97.5124362127478,66.950958671056
11,97.5124361128604,68.3724225066816
11,97.5124360129731,69.7938863423073
11,97.5124359130857,71.2153501779329
11,97.5124376549568,72.6368140135585
11,97.5124376419578,73.2782363861009
11,97.5124376289587,73.4098098969482
11,97.5124376159597,73.5413834077955
11,97.5124376029607,73.6729569186429
11,97.5124375899616,73.8045304294902
11,97.5124375769626,73.9361039403375
11,97.5124375639635,74.0676774511848
11,97.5124375509645,74.1992509620322
11,97.5124375379655,74.3308244728795
11,97.5124375249664,74.4623979837268
11,97.5124375119674,74.5939714945742
11,97.5124374989684,74.7255450054215
11,97.5124374859693,74.8571185162688
11,97.5124374729703,74.9886920271162
11,97.5124374599712,75.1202655379635
11,97.5124374469722,75.2518390488108
11,97.5124374339732,75.3834125596582
11,97.5124374209741,75.5149860705055
11,97.5124374079751,75.6465595813528
11,97.512437394976,75.7781330922002
11,97.512437381977,75.9097066030475
11,97.512437368978,76.0412801138948
11,97.5124373559789,76.1728536247422
11,97.5124373429799,76.3044271355895
11,97.5124373299809,76.4360006464368
11,97.5124373169818,76.5675741572842
11,97.5124373039828,76.6991476681315
11,97.5124372909837,76.8307211789788
11,97.5124372779847,76.9622946898262
11,97.5124372649857,77.0938682006735
11,97.5124372519866,77.2254417115208
11,97.5124372389876,77.3570152223681
11,97.5124372259885,77.4885887332155
11,97.5124372129895,77.6201622440628
11,97.5124371999905,77.7517357549101
11,97.5124371869914,77.8833092657575
11,97.5124371739924,78.0148827766048
11,97.5124371609934,78.1464562874521
11,97.5124371479943,78.2780297982995
11,97.5124371349953,78.4096033091468
11,97.5124371219962,78.5411768199941
11,97.5124371089972,78.6727503308415
11,97.5124370959982,78.8043238416888
11,97.5124370829991,78.9358973525361
11,97.5124370700001,79.0674708633835
11,97.5124370570011,79.1990443742308
11,97.512437044002,79.3306178850781
11,97.512437031003,79.4621913959255
11,97.5124370180039,79.5937649067728
11,97.5124370050049,79.7253384176201
11,97.5124369920059,79.8569119284675
11,97.5124369790068,79.9884854393148
11,97.5124369660078,80.1200589501621
11,97.5124369530087,80.2516324610095
11,97.5124369400097,80.3832059718568
11,97.5124369270107,80.5147794827041
11,97.5124369140116,80.6463529935514
11,97.5124369010126,80.7779265043988
11,97.5124368880136,80.9095000152461
11,97.5124368750145,81.0410735260934
11,97.5124368620155,81.1726470369408
11,97.5124368490164,81.3042205477881
11,97.5124368360174,81.4357940586354
11,97.5124368230184,81.5673675694828
11,97.5124368100193,81.6989410803301
11,97.5124367970203,81.8305145911774
11,97.5124367840212,81.9620881020248
11,97.5124367710222,82.0936616128721
11,97.5124367580232,82.2252351237194
11,97.5124367450241,82.3568086345668
11,97.5124367320251,82.4883821454141
11,97.5124367190261,82.6199556562614
11,97.512436706027,82.7515291671088
11,97.512436693028,82.8831026779561
11,97.5124366800289,83.0146761888034
11,97.5124366670299,83.1462496996508
11,97.5124366540309,83.2778232104981
11,97.5124366410318,83.4093967213454
11,97.5124366280328,83.5409702321927
11,97.5124366150337,83.6725437430401
11,97.5124366020347,83.8041172538874
11,97.5124365890357,83.9356907647347
11,97.5124365760366,84.0672642755821
11,97.5124365630376,84.1988377864294
11,97.5124365500386,84.3304112972767
11,97.5124365370395,84.4619848081241
11,97.5124365240405,84.5935583189714
11,97.5124365110414,84.7251318298187
11,97.5124364980424,84.8567053406661
11,97.5124364850434,84.9882788515134
11,97.5124364720443,85.1198523623607
11,97.5124364590453,85.2514258732081
11,97.5124364460463,85.3829993840554
11,97.5124364330472,85.5145728949027
11,97.5124364200482,85.6461464057501
11,97.5124364070491,85.7777199165974
11,97.5124363940501,85.9092934274447
11,97.5124363810511,86.0408669382921
11,97.512436368052,86.1724404491394
11,97.512436355053,85.5721393034826
11,97.5124363420539,84.6876730353333
11,97.5124363290549,83.803206767184
11,97.5124363160559,82.9187404990347
11,97.5124363030568,82.0342742308854
11,97.5124362900578,81.149807962736
11,97.5124362770588,80.2653416945867
11,97.5124362640597,79.3808754264374
11,97.5124362510607,78.4964091582881
11,97.5124362380616,77.6119428901388
11,97.5124362250626,76.7274766219895
11,97.5124362120636,75.8430103538402
11,97.5124361990645,74.9585440856909
11,97.5124361860655,74.0740778175416
11,97.5124361730664,73.1896115493923
11,97.5124361600674,72.3051452812429
11,97.5124361470684,71.4206790130936
11,97.5124361340693,70.5362127449443
11,97.5124361210703,69.651746476795
11,97.5124361080713,68.7672802086457
11,97.5124360950722,67.8828139404964
11,97.5124360820732,66.9983476723471
11,97.5124360690741,66.1138814041978
11,97.5124360560751,65.2294151360485
11,97.5124360430761,64.3449488678991
11,97.512436030077,63.4604825997498
11,97.512436017078,62.5760163316005
11,97.512436004079,61.6915500634512
11,97.5124359910799,60.8070837953019
11,97.5124359780809,59.9226175271526
11,97.5124359650818,59.0381512590033
11,97.5124359520828,58.153684990854
11,97.5124359390838,57.2692187227047
11,97.5124359260847,56.3847524545554
11,97.5124359130857,55.5002861864061
14,103.055652054592,54.6158199182568
14,103.05809071995,53.7313536501075
14,103.060529385307,21.8905467987061
14,103.062968050664,21.5588718414228
14,103.065406716021,21.2271968841395
14,103.067845381379,20.8955219268562
14,103.070284046736,20.5638469695729
14,103.072722712093,20.2321720122896
14,103.07516137745,19.9004970550063
14,103.077600042807,19.568822097723
14,103.080038708165,19.2371471404397
14,103.082477373522,18.9054721831564
14,103.084916038879,18.5737972258731
14,103.087354704236,18.2421222685898
14,103.089793369594,17.9104473113065
14,103.092232034951,17.5787723540232
14,103.094670700308,17.2470973967399
14,103.097109365665,16.9154224394566
14,103.099548031022,16.5837474821733
14,103.10198669638,16.25207252489
14,103.104425361737,15.9203975676067
14,103.106864027094,15.5887226103234
14,103.109302692451,15.2570476530401
14,103.111741357808,14.9253726957568
14,103.114180023166,14.5936977384735
14,103.116618688523,14.2620227811902
14,103.11905735388,13.9303478239069
14,103.121496019237,13.5986728666236
14,103.123934684595,13.2669979093403
14,103.126373349952,12.935322952057
14,103.128812015309,12.6036479947737
14,103.131250680666,12.2719730374904
14,103.133689346023,11.9402980802071
14,103.136128011381,11.6086231229238
14,103.138566676738,11.2769481656405
14,103.141005342095,10.9452732083572
14,103.143444007452,10.6135982510739
14,103.14588267281,10.2819232937906
14,103.148321338167,9.95024833650734
14,103.150760003524,9.61857337922405
14,103.153198668881,9.28689842194075
14,103.155637334238,8.95522346465745
14,103.158075999596,8.62354850737415
14,103.160514664953,8.29187355009086
14,103.16295333031,7.96019859280756
14,103.165391995667,7.62852363552426
14,103.167830661024,7.29684867824096
14,103.170269326382,6.96517372095766
14,103.172707991739,6.63349876367436
14,103.175146657096,6.30182380639106
14,103.177585322453,5.97014884910777
14,103.180023987811,5.63847389182447
14,103.182462653168,5.30679893454117
14,103.184901318525,4.97512397725787
14,103.187339983882,4.64344901997457
14,103.189778649239,4.31177406269127
14,103.192217314597,3.98009910540798
14,103.194655979954,3.64842414812468
14,103.197094645311,3.31674919084138
14,103.199533310668,2.98507423355808
14,103.201971976026,2.65339927627478
14,103.204410641383,2.32172431899148
14,103.20684930674,1.99004936170819
14,103.209287972097,1.65837440442489
14,103.211726637454,1.32669944714159
14,103.214165302812,1.99004971981049
14,103.216603968169,1.88884147825879
14,103.219042633526,1.7876332367071
14,103.221481298883,1.6864249951554
14,103.223919964241,1.58521675360371
14,103.226358629598,1.48400851205202
14,103.228797294955,1.38280027050032
14,103.231235960312,1.28159202894863
14,103.233674625669,1.18038378739693
14,103.236113291027,1.07917554584524
14,103.238551956384,0.977967304293546
14,103.240990621741,0.876759062741852
14,103.243429287098,0.775550821190159
14,103.245867952455,0.674342579638465
14,103.248306617813,0.573134338086771
14,103.25074528317,0.471926096535077
14,103.253183948527,0.370717854983383
14,103.255622613884,0.269509613431689
14,103.258061279242,0.168301371879995
14,103.260499944599,0.0670931303283006
14,103.262938609956,0
14,103.265377275313,0
14,103.26781594067,0
14,103.270254606028,0
14,103.272693271385,0
14,103.275131936742,0
14,103.277570602099,0
14,103.280009267457,0
14,103.282447932814,0
14,103.284886598171,0
14,103.287325263528,0
14,103.289763928885,0
14,103.292202594243,0
14,103.2946412596,0
14,103.297079924957,0
14,103.299518590314,0
14,103.301957255671,0
14,103.304395921029,0
14,103.306834586386,0
14,103.309273251743,0
14,103.3117119171,0
14,103.314150582458,0
14,103.316589247815,0
14,103.319027913172,0
14,103.321466578529,0
14,103.323905243886,0
14,103.326343909244,0
14,103.328782574601,0
14,103.331221239958,0
14,103.333659905315,0
14,103.336098570673,0
14,103.33853723603,0
14,103.340975901387,0
14,103.343414566744,0
14,103.345853232101,0
14,103.348291897459,0
14,103.350730562816,0
14,103.353169228173,0
14,103.35560789353,0
14,103.358046558887,0
14,103.360485224245,0
14,103.362923889602,0
14,103.365362554959,0
14,103.367801220316,0
14,103.370239885674,0
14,103.372678551031,0
14,103.375117216388,0
14,103.377555881745,0
14,103.379994547102,0
14,103.38243321246,0
14,103.384871877817,0
14,103.387310543174,0
14,103.389749208531,0
14,103.392187873889,0
14,103.394626539246,0
14,103.397065204603,0
14,103.39950386996,0
14,103.401942535317,0
14,103.404381200675,0
14,103.406819866032,0
14,103.409258531389,0
14,103.411697196746,0
14,103.414135862104,0
14,103.416574527461,0
14,103.419013192818,0
14,103.421451858175,0
14,103.423890523532,0
14,103.42632918889,0
14,103.428767854247,0
14,103.431206519604,0
14,103.433645184961,0
14,103.436083850318,0
14,103.438522515676,0
14,103.440961181033,0
14,103.44339984639,0
14,103.445838511747,0
14,103.448277177105,0
14,103.450715842462,0
14,103.453154507819,0
14,103.455593173176,0
14,103.458031838533,0
14,103.460470503891,0
14,103.462909169248,0
14,103.465347834605,0
14,103.467786499962,0
14,103.47022516532,0
14,103.472663830677,0
14,103.475102496034,0
14,103.477541161391,0
14,103.479979826748,0
14,103.482418492106,0
14,103.484857157463,0
14,103.48729582282,0
14,103.489734488177,0
14,103.492173153534,0
14,103.494611818892,0
14,103.497050484249,0
14,103.499489149606,0
14,103.501927814963,0
14,103.504366480321,0
14,103.506805145678,0
14,103.509243811035,0
14,103.511682476392,0
14,103.514121141749,0
14,103.516559807107,0
14,103.518998472464,0
14,103.521437137821,0
14,103.523875803178,0
14,103.526314468536,0
14,103.528753133893,0
14,103.53119179925,0
14,103.533630464607,0
14,103.536069129964,0
14,103.538507795322,0
14,103.540946460679,0
14,103.543385126036,0
14,103.545823791393,0
14,103.54826245675,0
14,103.550701122108,0
14,103.553139787465,0
14,103.555578452822,0
14,103.558017118179,0
14,103.560455783537,0
14,103.562894448894,0
14,103.565333114251,0
14,103.567771779608,0
14,103.570210444965,0
14,103.572649110323,0
14,103.57508777568,0
14,103.577526441037,0
14,103.579965106394,0
14,103.582403771752,0
14,103.584842437109,0
14,103.587281102466,0
14,103.589719767823,0
14,103.59215843318,0
14,103.594597098538,0
14,103.597035763895,0
14,103.599474429252,0
14,103.601913094609,0
14,103.604351759967,0
14,103.606790425324,0
14,103.609229090681,0
14,103.611667756038,0
14,103.614106421395,0
14,103.616545086753,0
14,103.61898375211,0
14,103.621422417467,0
14,103.623861082824,0
14,103.626299748181,0
14,103.628738413539,0
14,103.631177078896,0
14,103.633615744253,0
14,103.63605440961,0
14,103.638493074968,0
14,103.640931740325,0
14,103.643370405682,0
14,103.645809071039,0
14,103.648247736396,0
14,103.650686401754,0
14,103.653125067111,0
14,103.655563732468,0
14,103.658002397825,0
14,103.660441063183,0
14,103.66287972854,0
14,103.665318393897,0
14,103.667757059254,0
14,103.670195724611,0
14,103.672634389969,0
14,103.675073055326,0
14,103.677511720683,0
14,103.67995038604,0
14,103.682389051397,0
14,103.684827716755,0
14,103.687266382112,0
14,103.689705047469,0
14,103.692143712826,0
14,103.694582378184,0
14,103.697021043541,0
14,103.699459708898,0
14,103.701898374255,0
14,103.704337039612,0
14,103.70677570497,0
14,103.709214370327,0
14,103.711653035684,0
14,103.714091701041,0
14,103.716530366399,0
14,103.718969031756,0
14,103.721407697113,0
14,103.72384636247,0
14,103.726285027827,0
14,103.728723693185,0
14,103.731162358542,0
14,103.733601023899,0
14,103.736039689256,0
14,103.738478354613,0
14,103.740917019971,0
14,103.743355685328,0
14,103.745794350685,0
14,103.748233016042,0
14,103.7506716814,0
14,103.753110346757,0
14,103.755549012114,0
14,103.757987677471,0
14,103.760426342828,0
14,103.762865008186,0
14,103.765303673543,0
14,103.7677423389,0
14,103.770181004257,0
14,103.772619669615,0
14,103.775058334972,0
14,103.777497000329,0
14,103.779935665686,0
14,103.782374331043,0
14,103.784812996401,0
14,103.787251661758,0
14,103.789690327115,0
14,103.792128992472,0
14,103.79456765783,0
14,103.797006323187,0
14,103.799444988544,0
14,103.801883653901,0
14,103.804322319258,0
14,103.806760984616,0
14,103.809199649973,0
14,103.81163831533,0
14,103.814076980687,0
14,103.816515646044,0
14,103.818954311402,0
14,103.821392976759,0
14,103.823831642116,0
14,103.826270307473,0
14,103.828708972831,0
14,103.831147638188,0
14,103.833586303545,0
14,103.836024968902,0
14,103.838463634259,0
14,103.840902299617,0
14,103.843340964974,0
14,103.845779630331,0
14,103.848218295688,0
14,103.850656961046,0
14,103.853095626403,0
14,103.85553429176,0
14,103.857972957117,0
14,103.860411622474,0
14,103.862850287832,0
14,103.865288953189,0
14,103.867727618546,0
14,103.870166283903,0
14,103.87260494926,0
14,103.875043614618,0
14,103.877482279975,0
14,103.879920945332,0
14,103.882359610689,0
14,103.884798276047,0
14,103.887236941404,0
14,103.889675606761,0
14,103.892114272118,0
14,103.894552937475,0
14,103.896991602833,0
14,103.89943026819,0
14,103.901868933547,0
14,103.904307598904,0
14,103.906746264262,0
14,103.909184929619,0
14,103.911623594976,0
14,103.914062260333,0
14,103.91650092569,0
14,103.918939591048,0
14,103.921378256405,0
14,103.923816921762,0
14,103.926255587119,0
14,103.928694252476,0
14,103.931132917834,0
14,103.933571583191,0
14,103.936010248548,0
14,103.938448913905,0
14,103.940887579263,0
14,103.94332624462,0
14,103.945764909977,0
14,103.948203575334,0
14,103.950642240691,0
14,103.953080906049,0
14,103.955519571406,0
14,103.957958236763,0
14,103.96039690212,0
14,103.962835567478,0
14,103.965274232835,0
14,103.967712898192,0
14,103.970151563549,0
14,103.972590228906,0
14,103.975028894264,0
14,103.977467559621,0
14,103.979906224978,0
14,103.982344890335,0
14,103.984783555693,0
14,103.98722222105,0
14,103.989660886407,0
14,103.992099551764,0
14,103.994538217121,0
14,103.996976882479,0
14,103.999415547836,0
14,104.001854213193,0
14,104.00429287855,0
14,104.006731543907,0
14,104.009170209265,0
14,104.011608874622,0
14,104.014047539979,0
14,104.016486205336,0
14,104.018924870694,0
14,104.021363536051,0
14,104.023802201408,0
14,104.026240866765,0
14,104.028679532122,0
14,104.03111819748,0
14,104.033556862837,0
14,104.035995528194,0
14,104.038434193551,0
14,104.040872858909,0
14,104.043311524266,0
14,104.045750189623,0
14,104.04818885498,0
14,104.050627520337,0
14,104.053066185695,0
14,104.055504851052,0
14,104.057943516409,0
14,104.060382181766,0
14,104.062820847123,0
14,104.065259512481,0
14,104.067698177838,0
14,104.070136843195,0
14,104.072575508552,0
14,104.07501417391,0
14,104.077452839267,0
14,104.079891504624,0
14,104.082330169981,0
14,104.084768835338,0
14,104.087207500696,0
14,104.089646166053,0
14,104.09208483141,0
14,104.094523496767,0
14,104.096962162125,0
14,104.099400827482,0
14,104.101839492839,0
14,104.104278158196,0
14,104.106716823553,0
14,104.109155488911,0
14,104.111594154268,0
14,104.114032819625,0
14,104.116471484982,0
14,104.118910150339,0
14,104.121348815697,0
14,104.123787481054,0
14,104.126226146411,0
14,104.128664811768,0
14,104.131103477126,0
14,104.133542142483,0
14,104.13598080784,0
14,104.138419473197,0
14,104.140858138554,0
14,104.143296803912,0
14,104.145735469269,0
14,104.148174134626,0
0,104.150612799983,0
0,104.153051465341,0
0,104.155490130698,0
0,104.157928796055,0
0,104.160367461412,0
0,104.162806126769,0
0,104.165244792127,0
0,104.167683457484,0
0,104.170122122841,0
0,104.172560788198,0
0,104.174999453556,0
0,104.177438118913,0
0,104.17987678427,0
0,104.182315449627,0
0,104.184754114984,0
0,104.187192780342,0
0,104.189631445699,0
0,104.192070111056,0
0,104.194508776413,0
0,104.19694744177,0
0,104.199386107128,0
0,104.201824772485,0
0,104.204263437842,0
0,104.206702103199,0
0,104.209140768557,0
0,104.211579433914,0
0,104.214018099271,0
0,104.216456764628,0
0,104.218895429985,0
0,104.221334095343,0
0,104.2237727607,0
0,104.226211426057,0
0,104.228650091414,0
0,104.231088756772,0
0,104.233527422129,0
0,104.235966087486,0
0,104.238404752843,0
0,104.2408434182,0
0,104.243282083558,0
0,104.245720748915,0
0,104.248159414272,0
0,104.250598079629,0
0,104.253036744986,0
0,104.255475410344,0
0,104.257914075701,0
0,104.260352741058,0
0,104.262791406415,0
0,104.265230071773,0
0,104.26766873713,0
0,104.270107402487,0
0,104.272546067844,0
0,104.274984733201,0
0,104.277423398559,0
0,104.279862063916,0
0,104.282300729273,0
0,104.28473939463,0
0,104.287178059988,0
0,104.289616725345,0
0,104.292055390702,0
0,104.294494056059,0
0,104.296932721416,0
0,104.299371386774,0
0,104.301810052131,0
0,104.304248717488,0
0,104.306687382845,0
0,104.309126048202,0
0,104.31156471356,0
0,104.314003378917,0
0,104.316442044274,0
0,104.318880709631,0
0,104.321319374989,0
0,104.323758040346,0
0,104.326196705703,0
0,104.32863537106,0
0,104.331074036417,0
0,104.333512701775,0
0,104.335951367132,0
0,104.338390032489,0
0,104.340828697846,0
0,104.343267363204,0
0,104.345706028561,0
0,104.348144693918,0
0,104.350583359275,0
0,104.353022024632,0
0,104.35546068999,0
0,104.357899355347,0
0,104.360338020704,0
0,104.362776686061,0
0,104.365215351418,0
0,104.367654016776,0
0,104.370092682133,0
0,104.37253134749,0
0,104.374970012847,0
0,104.377408678205,0
0,104.379847343562,0
0,104.382286008919,0
0,104.384724674276,0
0,104.387163339633,0
0,104.389602004991,0
0,104.392040670348,0
0,104.394479335705,0
0,104.396918001062,0
0,104.39935666642,0
0,104.401795331777,0
0,104.404233997134,0
0,104.406672662491,0
0,104.409111327848,0
0,104.411549993206,0
0,104.413988658563,0
0,104.41642732392,0
0,104.418865989277,0
0,104.421304654635,0
0,104.423743319992,0
0,104.426181985349,0
0,104.428620650706,0
0,104.431059316063,0
0,104.433497981421,0
0,104.435936646778,0
0,104.438375312135,0
0,104.440813977492,0
0,104.443252642849,0
0,104.445691308207,0
0,104.448129973564,0
0,104.450568638921,0
0,104.453007304278,0
0,104.455445969636,0
0,104.457884634993,0
0,104.46032330035,0
0,104.462761965707,0
0,104.465200631064,0
0,104.467639296422,0
0,104.470077961779,0
0,104.472516627136,0
0,104.474955292493,0
0,104.477393957851,0
0,104.479832623208,0
0,104.482271288565,0
0,104.484709953922,0
0,104.487148619279,0
0,104.489587284637,0
0,104.492025949994,0
0,104.494464615351,0
0,104.496903280708,0
0,104.499341946065,0
0,104.501780611423,0
0,104.50421927678,0
0,104.506657942137,0
0,104.509096607494,0
0,104.511535272852,0
0,104.513973938209,0
0,104.516412603566,0
0,104.518851268923,0
0,104.52128993428,0
0,104.523728599638,0
0,104.526167264995,0
0,104.528605930352,0
0,104.531044595709,0
0,104.533483261067,0
0,104.535921926424,0
-1,104.538360591781,0
#MOTOR_B2
4,200,0
4,200,0.407608672693049
4,200,0.815217345386098
4,200,1.22282601807915
4,200,1.6304346907722
4,200,2.03804336346524
4,200,2.44565203615829
4,200,2.85326070885134
4,200,3.26086938154439
4,200,3.66847805423744
4,200,4.07608672693049
4,200,4.48369539962354
4,200,4.34782608695652
4,200,4.68750004344822
4,200,5.02717399993993
4,200,5.36684795643163
4,200,5.70652191292333
4,200,6.04619586941504
4,200,6.38586982590674
4,200,5.4347825050354
4,200,5.52536221257083
4,200,5.61594192010625
4,200,5.70652162764168
4,200,5.7971013351771
4,200,5.88768104271253
4,200,5.97826075024796
4,200,6.06884045778338
4,200,6.15942016531881
4,200,6.24999987285423
4,200,6.34057958038966
4,200,6.43115928792508
4,200,6.52173899546051
4,200,7.71059783758506
4,200,7.6766304466772
4,200,7.64266305576934
4,200,7.60869566486148
4,200,7.57472827395362
4,200,7.54076088304575
4,200,7.50679349213789
4,200,7.47282610123003
4,200,7.43885871032217
4,200,7.40489131941431
4,200,7.37092392850645
4,200,7.33695653759859
4,200,7.30298914669073
4,200,7.26902175578286
4,200,7.235054364875
4,200,7.20108697396714
4,200,7.16711958305928
4,200,7.13315219215142
4,200,7.09918480124356
4,200,7.0652174103357
4,200,7.03125001942784
4,200,6.99728262851997
4,200,6.96331523761211
4,200,6.92934784670425
4,200,6.89538045579639
4,200,6.86141306488853
4,200,6.82744567398067
4,200,6.79347828307281
4,200,6.75951089216495
4,200,6.72554350125708
4,200,6.69157611034922
4,200,6.65760871944136
4,200,6.6236413285335
4,200,6.58967393762564
4,200,6.55570654671778
4,200,6.52173915580992
4,200,6.48777176490206
4,200,6.45380437399419
4,200,6.41983698308633
4,200,6.38586959217847
4,200,6.35190220127061
4,200,6.31793481036275
4,200,6.28396741945489
4,200,6.25000002854703
4,200,6.21603263763916
4,200,6.1820652467313
4,200,6.14809785582344
4,200,6.11413046491558
4,200,6.08016307400772
4,200,6.04619568309986
4,200,6.012228292192
4,200,5.97826090128414
4,200,5.94429351037627
4,200,5.91032611946841
4,200,5.87635872856055
4,200,5.84239133765269
4,200,5.80842394674483
4,200,5.77445655583697
4,200,5.74048916492911
4,200,5.70652177402125
4,200,5.67255438311338
4,200,5.63858699220552
4,200,5.60461960129766
4,200,5.5706522103898
4,200,5.53668481948194
4,200,5.50271742857408
4,200,5.46875003766622
4,200,5.43478264675836
4,200,5.34605145541078
4,200,5.25732030212591
4,200,5.16858914884104
4,200,5.07985799555617
4,200,4.99112684227129
4,200,4.90239568898642
4,200,4.81366453570155
4,200,4.72493338241668
4,200,4.63620222913181
4,200,4.54747107584693
4,200,4.45873992256206
4,200,4.37000876927719
4,200,4.28127761599232
4,200,4.19254646270745
4,200,4.10381530942257
4,200,4.0150841561377
4,200,3.92635300285283
4,200,3.83762184956796
4,200,3.74889069628309
4,200,3.66015954299821
4,200,3.57142838971334
4,200,3.48269723642847
4,200,3.3939660831436
4,200,3.30523492985873
4,200,3.21650377657385
4,200,3.12777262328898
4,200,3.03904147000411
4,200,2.95031031671924
4,200,2.86157916343437
4,200,2.77284801014949
4,200,2.68411685686462
4,200,2.59538570357975
4,200,2.50665455029488
4,200,2.41792339701001
4,200,2.32919224372513
4,200,2.24046109044026
4,200,2.15172993715539
4,200,2.06299878387052
4,200,1.97426763058565
4,200,1.88553647730077
4,200,1.7968053240159
4,200,1.70807417073103
4,200,1.61934301744616
4,200,1.53061186416129
4,200,1.44188071087641
4,200,1.35314955759154
4,200,1.26441840430667
4,200,1.1756872510218
4,200,1.08695609773693
3,200,14.1304349388979
3,206.436492251652,32.9710151638094
3,186.428872237904,32.6086966587575
3,187.252004340742,34.0579696723813
3,188.075136443581,34.782606682485
3,188.898268546419,42.663060586268
3,189.721400649258,46.1956727035216
3,190.544532752096,49.7282848207751
3,191.367664854935,53.2608969380287
3,192.190796957773,53.8043478537298
3,193.013929060612,53.8043478260871
3,193.83706116345,45.3947397563111
3,194.660193266289,44.3649917236867
3,195.483325369127,43.3352436910622
3,196.306457471966,42.3054956584377
3,197.129589574804,41.2757476258132
3,197.952721677643,40.2459995931887
3,198.775853780481,39.2162515605642
3,199.59898588332,38.1865035279397
3,200.422117986158,37.1567554953152
3,201.245250088997,36.1270074626907
3,202.068382191835,35.0972594300663
3,202.891514294674,34.0675113974418
3,203.714646397512,33.0377633648173
3,204.537778500351,32.0080153321928
3,205.360910603189,30.9782672995683
3,206.184042706028,29.9485192669438
3,207.007174808866,28.9187712343193
3,207.830306911705,27.8890232016948
3,208.653439014543,26.8592751690703
3,209.476571117382,25.8295271364458
3,210.29970322022,24.7997791038214
3,211.122835323059,23.7700310711969
3,211.945967425898,22.7402830385724
3,212.769099528736,21.7105350059479
3,213.592231631575,20.6807869733234
3,214.415363734413,19.6510389406989
3,215.238495837252,18.6212909080744
3,216.06162794009,17.5915428754499
3,216.884760042929,16.5617948428254
3,217.707892145767,15.532046810201
3,218.531024248606,14.5022987775765
3,219.354156351444,13.472550744952
3,220.177288454283,12.4428027123275
3,221.000420557121,11.413054679703
3,221.82355265996,15.5555554148224
3,222.646684762798,14.9999998509884
3,223.469816865637,14.4444442871544
3,224.292948968475,13.8888887233205
3,225.116081071314,13.3333331594865
3,225.939213174152,12.7777775956525
3,226.762345276991,12.2222220318185
3,227.585477379829,11.6666664679845
3,228.408609482668,11.1111109041506
3,229.231741585506,10.5555553403166
3,230.054873688345,9.99999977648261
3,230.878005791183,9.44444421264863
3,231.701137894022,8.88888864881465
3,232.52426999686,8.33333308498067
3,233.347402099699,7.77777752114669
3,234.170534202537,7.22222195731271
3,234.993666305376,6.66666639347873
3,235.816798408214,6.11111082964475
3,236.639930511053,5.55555526581078
3,237.463062613891,4.9999997019768
3,238.28619471673,4.44444413814282
3,239.109326819568,3.88888857430884
3,239.932458922407,3.33333301047486
3,240.755591025246,4.34782608695652
3,241.578723128084,4.34782607313516
3,242.401855230923,4.3478260593138
3,243.224987333761,4.34782604549244
3,244.0481194366,4.34782603167109
3,244.871251539438,4.34782601784973
3,245.694383642277,4.34782600402837
3,246.517515745115,4.08590880708042
3,247.340647847954,4.03352536769084
3,248.163779950792,3.98114192830126
3,248.986912053631,3.92875848891168
3,249.810044156469,3.8763750495221
3,250.633176259308,3.82399161013253
3,251.456308362146,3.77160817074295
3,252.279440464985,3.71922473135337
3,253.102572567823,3.66684129196379
3,253.925704670662,3.61445785257421
3,254.7488367735,3.56207441318463
3,255.571968876339,3.50969097379505
3,256.395100979177,3.45730753440547
3,257.218233082016,3.40492409501589
3,258.041365184854,3.35254065562631
3,258.864497287693,3.30015721623673
3,259.687629390531,3.24777377684715
3,260.51076149337,3.19539033745757
3,261.333893596209,3.143006898068
3,262.157025699047,3.09062345867842
3,262.980157801886,3.03824001928884
3,263.803289904724,2.98585657989926
3,264.626422007563,2.93347314050968
3,265.449554110401,2.8810897011201
3,266.27268621324,2.82870626173052
3,267.095818316078,2.77632282234094
3,267.918950418917,2.72393938295136
3,268.742082521755,2.67155594356178
3,269.565214624594,2.6191725041722
3,270.388346727433,2.56678906478262
3,271.211478830271,2.51440562539304
3,272.03461093311,2.46202218600347
3,272.857743035948,2.40963874661389
3,273.680875138787,2.35725530722431
3,274.504007241625,2.30487186783473
3,275.327139344464,2.25248842844515
3,276.150271447302,2.20010498905557
3,276.973403550141,2.14772154966599
3,277.796535652979,2.09533811027641
3,278.619667755818,2.04295467088683
3,279.442799858656,1.99057123149725
3,280.265931961495,1.93818779210767
3,281.089064064334,1.88580435271809
3,281.912196167172,1.83342091332851
3,282.735328270011,1.78103747393893
3,283.558460372849,1.72865403454935
3,284.381592475688,1.67627059515978
3,285.204724578526,1.6238871557702
3,286.027856681365,1.57150371638062
3,286.850988784203,1.51912027699104
3,287.674120887042,1.46673683760146
3,288.49725298988,1.41435339821188
3,289.320385092719,1.3619699588223
3,290.143517195558,1.30958651943272
3,290.966649298396,1.25720308004314
3,291.789781401235,1.20481964065356
3,292.612913504073,1.15243620126398
3,293.436045606912,1.1000527618744
3,294.25917770975,1.04766932248482
3,295.082309812589,0.995285883095242
3,295.905441915427,0.942902443705663
3,296.728574018266,0.890519004316084
3,297.551706121104,0.838135564926504
3,298.374838223943,0.785752125536925
3,299.197970326782,0.733368686147346
3,300.02110242962,0.680985246757766
3,300.844234532459,0.628601807368187
3,301.667366635297,0.576218367978608
3,302.490498738136,0.523834928589028
3,303.313630840974,0.471451489199449
3,304.136762943813,0.41906804980987
3,304.959895046651,0.36668461042029
3,305.78302714949,0.314301171030711
3,306.606159252328,0.261917731641132
3,307.429291355167,0.209534292251552
3,308.252423458005,0.157150852861973
3,309.075555560844,0.104767413472393
3,309.898687663683,0.052383974082814
3,310.721819766521,5.34693234674477E-07
3,311.54495186936,0.411662260647069
3,312.368083972198,0.410761467924563
3,313.191216075037,0.409860675202057
3,314.014348177875,0.40895988247955
3,314.837480280714,0.408059089757044
3,315.660612383552,0.407158297034538
3,316.483744486391,0.406257504312032
3,317.306876589229,0.405356711589525
3,318.130008692068,0.404455918867019
3,318.953140794907,0.403555126144513
3,319.776272897745,0.402654333422007
3,320.599405000584,0.4017535406995
3,321.422537103422,0.400852747976994
3,322.245669206261,0.399951955254488
3,323.068801309099,0.399051162531981
3,323.891933411938,0.398150369809475
3,324.715065514776,0.397249577086969
3,325.538197617615,0.396348784364463
3,326.361329720453,0.395447991641956
3,327.184461823292,0.39454719891945
3,328.00759392613,0.393646406196944
3,328.830726028969,0.392745613474438
3,329.653858131808,0.391844820751931
3,330.476990234646,0.390944028029425
3,331.300122337485,0.390043235306919
3,332.123254440323,0.389142442584413
3,332.946386543162,0.388241649861906
3,333.769518646,0.3873408571394
3,334.592650748839,0.386440064416894
3,335.415782851677,0.385539271694388
3,336.238914954516,0.384638478971881
3,337.062047057354,0.383737686249375
3,337.885179160193,0.382836893526869
3,338.708311263032,0.381936100804363
3,339.53144336587,0.381035308081856
3,340.354575468709,0.38013451535935
3,341.177707571547,0.379233722636844
3,342.000839674386,0.378332929914337
3,342.823971777224,0.377432137191831
3,343.647103880063,0.376531344469325
3,344.470235982901,0.375630551746819
3,345.29336808574,0.374729759024312
3,346.116500188578,0.373828966301806
3,346.939632291417,0.3729281735793
3,347.762764394256,0.372027380856794
3,348.585896497094,0.371126588134287
3,349.409028599933,0.370225795411781
3,350.232160702771,0.369325002689275
3,351.05529280561,0.368424209966769
3,351.878424908448,0.367523417244262
3,352.701557011287,0.366622624521756
3,353.524689114125,0.36572183179925
3,354.347821216964,0.364821039076744
3,355.170953319802,0.363920246354237
3,355.994085422641,0.363019453631731
3,356.817217525479,0.362118660909225
3,357.640349628318,0.361217868186719
3,358.463481731157,0.360317075464212
3,359.286613833995,0.359416282741706
3,360.109745936834,0.3585154900192
3,360.932878039672,0.357614697296693
3,361.756010142511,0.356713904574187
3,362.579142245349,0.355813111851681
3,363.402274348188,0.354912319129175
3,364.225406451026,0.354011526406668
3,365.048538553865,0.353110733684162
3,365.871670656703,0.352209940961656
3,366.694802759542,0.35130914823915
3,367.517934862381,0.350408355516643
3,368.341066965219,0.349507562794137
3,369.164199068058,0.348606770071631
3,369.987331170896,0.347705977349125
3,370.810463273735,0.346805184626618
3,371.633595376573,0.345904391904112
3,372.456727479412,0.345003599181606
3,373.27985958225,0.3441028064591
3,374.102991685089,0.343202013736593
3,374.926123787927,0.342301221014087
3,375.749255890766,0.341400428291581
3,376.572387993604,0.340499635569075
3,377.395520096443,0.339598842846568
3,378.218652199282,0.338698050124062
3,379.04178430212,0.337797257401556
3,379.864916404959,0.336896464679049
3,380.688048507797,0.335995671956543
3,381.511180610636,0.335094879234037
3,382.334312713474,0.334194086511531
3,383.157444816313,0.333293293789024
3,383.980576919151,0.332392501066518
3,384.80370902199,0.331491708344012
3,385.626841124828,0.330590915621506
3,386.449973227667,0.329690122898999
3,387.273105330506,0.328789330176493
3,388.096237433344,0.327888537453987
3,388.919369536183,0.326987744731481
3,389.742501639021,0.326086952008974
3,390.56563374186,0.583800371692767
3,391.388765844698,0.534711989424715
3,392.211897947537,0.485623607156663
3,393.035030050375,0.436535224888612
3,393.858162153214,0.38744684262056
3,394.681294256052,0.338358460352508
3,395.504426358891,0.289270078084456
3,396.32755846173,0.240181695816404
3,397.150690564568,0.191093313548353
3,397.973822667407,0.142004931280301
3,398.796954770245,0.108695648610592
3,399.620086873084,0.108231137330339
3,400.443218975922,0.107766626050087
3,401.266351078761,0.107302114769834
3,402.089483181599,0.106837603489582
3,402.912615284438,0.106373092209329
3,403.735747387276,0.105908580929077
3,404.558879490115,0.105444069648824
3,405.382011592953,0.104979558368572
3,406.205143695792,0.104515047088319
3,407.028275798631,0.104050535808067
3,407.851407901469,0.103586024527815
3,408.674540004308,0.103121513247562
3,409.497672107146,0.10265700196731
3,410.320804209985,0.102192490687057
3,411.143936312823,0.101727979406805
3,411.967068415662,0.101263468126552
3,412.7902005185,0.1007989568463
3,413.613332621339,0.100334445566047
3,414.436464724177,0.0998699342857946
3,415.259596827016,0.0994054230055421
3,416.082728929855,0.0989409117252896
3,416.905861032693,0.0984764004450371
3,417.728993135532,0.0980118891647846
3,418.55212523837,0.0975473778845322
3,419.375257341209,0.0970828666042797
3,420.198389444047,0.0966183553240272
3,421.021521546886,0.0961538440437747
3,421.844653649724,0.0956893327635222
3,422.667785752563,0.0952248214832697
3,423.490917855401,0.0947603102030172
3,424.31404995824,0.0942957989227647
3,425.137182061078,0.0938312876425123
3,425.960314163917,0.0933667763622598
3,426.783446266756,0.0929022650820073
3,427.606578369594,0.0924377538017548
3,428.429710472433,0.0919732425215023
3,429.252842575271,0.0915087312412498
3,430.07597467811,0.0910442199609973
3,430.899106780948,0.0905797086807448
3,431.722238883787,0.0901151974004923
3,432.545370986625,0.0896506861202399
3,433.368503089464,0.0891861748399874
3,434.191635192302,0.0887216635597349
3,435.014767295141,0.0882571522794824
3,435.83789939798,0.0877926409992299
3,436.661031500818,0.0873281297189774
3,437.484163603657,0.0868636184387249
3,438.307295706495,0.0863991071584724
3,439.130427809334,0.0859345958782199
3,439.953559912172,0.0854700845979675
3,440.776692015011,0.085005573317715
3,441.599824117849,0.0845410620374625
3,442.422956220688,0.08407655075721
3,443.246088323526,0.0836120394769575
3,444.069220426365,0.083147528196705
3,444.892352529203,0.0826830169164525
3,445.715484632042,0.0822185056362
3,446.538616734881,0.0817539943559475
3,447.361748837719,0.0812894830756951
3,448.184880940558,0.0808249717954426
3,449.008013043396,0.0803604605151901
3,449.831145146235,0.0798959492349376
3,450.654277249073,0.0794314379546851
3,451.477409351912,0.0789669266744326
3,452.30054145475,0.0785024153941801
3,453.123673557589,0.0780379041139276
3,453.946805660427,0.0775733928336751
3,454.769937763266,0.0771088815534227
3,455.593069866105,0.0766443702731702
3,456.416201968943,0.0761798589929177
3,457.239334071782,0.0757153477126652
3,458.06246617462,0.0752508364324127
3,458.885598277459,0.0747863251521602
3,459.708730380297,0.0743218138719077
3,460.531862483136,0.0738573025916552
3,461.354994585974,0.0733927913114028
3,462.178126688813,0.0729282800311503
3,463.001258791651,0.0724637687508978
3,463.82439089449,0.0719992574706453
3,464.647522997329,0.0715347461903928
3,465.470655100167,0.0710702349101403
3,466.293787203006,0.0706057236298878
3,467.116919305844,0.0701412123496353
3,467.940051408683,0.0696767010693828
3,468.763183511521,0.0692121897891304
3,469.58631561436,0.0687476785088779
3,470.409447717198,0.0682831672286254
3,471.232579820037,0.0678186559483729
3,472.055711922875,0.0673541446681204
3,472.878844025714,0.0668896333878679
3,473.701976128552,0.0664251221076154
3,474.525108231391,0.0659606108273629
3,475.34824033423,0.0654960995471104
3,476.171372437068,0.065031588266858
3,476.994504539907,0.0645670769866055
3,477.817636642745,0.064102565706353
3,478.640768745584,0.0636380544261005
3,479.463900848422,0.063173543145848
3,480.287032951261,0.0627090318655955
3,481.110165054099,0.062244520585343
3,481.933297156938,0.0617800093050905
3,482.756429259776,0.061315498024838
3,483.579561362615,0.0608509867445856
3,484.402693465454,0.0603864754643331
3,485.225825568292,0.0599219641840806
3,486.048957671131,0.0594574529038281
3,486.872089773969,0.0589929416235756
3,487.695221876808,0.0585284303433231
3,488.518353979646,0.0580639190630706
3,489.341486082485,0.0575994077828181
3,490.164618185323,0.0571348965025656
3,490.987750288162,0.0566703852223132
3,491.810882391,0.0562058739420607
3,492.634014493839,0.0557413626618082
3,493.457146596677,0.0552768513815557
3,494.280278699516,0.0548123401013032
3,495.103410802355,0.0543478288210507
3,495.926542905193,1.4645309061917
3,496.749675008032,1.46453090608349
3,497.57280711087,1.46453090597528
3,498.395939213709,1.46453090586706
3,499.219071316547,1.46453090575885
3,500.042203419386,1.46453090565063
3,500.865335522224,1.46453090554242
3,501.688467625063,1.4645309054342
3,502.511599727901,1.46453090532599
3,503.33473183074,1.46453090521778
3,504.157863933579,1.46453090510956
3,504.980996036417,1.46453090500135
3,505.804128139256,1.46453090489313
3,506.627260242094,1.46453090478492
3,507.450392344933,1.4645309046767
3,508.273524447771,1.46453090456849
3,509.09665655061,1.46453090446028
3,509.919788653448,1.46453090435206
3,510.742920756287,1.46453090424385
3,511.566052859125,1.46453090413563
3,512.389184961964,1.46453090402742
3,513.212317064802,1.4645309039192
3,514.035449167641,1.46453090381099
3,514.858581270479,1.46453090370277
3,515.681713373318,1.46453090359456
3,516.504845476156,1.46453090348635
3,517.327977578995,1.46453090337813
3,518.151109681833,1.46453090326992
3,518.974241784672,1.4645309031617
3,519.79737388751,1.46453090305349
3,520.620505990349,1.46453090294527
3,521.443638093187,1.46453090283706
3,522.266770196026,1.46453090272885
3,523.089902298864,1.46453090262063
3,523.913034401703,1.46453090251242
3,530.503958178602,1.4645309024042
3,531.344284917307,1.46453090229599
3,532.184611656013,1.46453090218777
3,533.024938394719,1.46453090207956
3,533.865265133424,1.46453090197135
3,534.70559187213,1.46453090186313
3,535.545918610835,1.46453090175492
3,536.386245349541,1.4645309016467
3,537.226572088246,1.46453090153849
3,538.066898826952,1.46453090143027
3,538.907225565658,1.46453090132206
3,539.747552304363,1.46453090121385
3,540.587879043069,1.46453090110563
3,541.428205781774,1.46453090099742
3,542.26853252048,1.4645309008892
3,543.108859259186,1.46453090078099
3,543.949185997891,1.46453090067277
3,544.789512736597,1.46453090056456
3,545.629839475302,1.46453090045634
3,546.470166214008,1.46453090034813
3,547.310492952714,1.46453090023992
3,548.150819691419,1.4645309001317
3,548.991146430125,1.46453090002349
3,549.83147316883,1.46453089991527
3,550.671799907536,1.46453089980706
3,551.512126646241,1.46453089969884
3,552.352453384947,1.46453089959063
3,553.192780123653,1.46453089948242
3,554.033106862358,1.4645308993742
3,554.873433601064,1.46453089926599
3,555.713760339769,1.46453089915777
3,556.554087078475,1.46453089904956
3,557.394413817181,1.46453089894134
3,558.234740555886,1.46453089883313
3,559.075067294592,1.46453089872492
3,559.915394033297,1.4645308986167
3,560.755720772003,1.46453089850849
3,561.596047510708,1.46453089840027
3,562.436374249414,1.46453089829206
3,563.27670098812,1.46453089818384
3,564.117027726825,1.46453089807563
3,564.957354465531,1.46453089796742
3,565.797681204236,1.4645308978592
3,566.638007942942,1.46453089775099
3,567.478334681648,1.46453089764277
3,568.318661420353,1.46453089753456
3,569.158988159059,1.46453089742634
3,569.999314897764,1.46453089731813
3,570.83964163647,1.46453089720992
3,571.679968375175,1.4645308971017
3,572.520295113881,1.46453089699349
3,573.360621852587,1.46453089688527
3,574.200948591292,1.46453089677706
3,575.041275329998,1.46453089666884
3,575.881602068703,1.46453089656063
3,576.721928807409,1.46453089645241
3,577.562255546115,1.4645308963442
3,578.40258228482,1.46453089623599
3,579.242909023526,1.46453089612777
3,580.083235762231,1.46453089601956
3,580.923562500937,1.46453089591134
3,581.763889239642,1.46453089580313
3,582.604215978348,1.46453089569491
3,583.444542717054,1.4645308955867
3,584.284869455759,1.46453089547849
3,585.125196194465,1.46453089537027
3,585.96552293317,1.46453089526206
3,586.805849671876,1.46453089515384
3,587.646176410582,1.46453089504563
3,588.486503149287,1.46453089493741
3,589.326829887993,1.4645308948292
3,590.167156626698,1.46453089472099
3,591.007483365404,1.46453089461277
3,591.84781010411,1.46453089450456
3,592.688136842815,1.46453089439634
3,593.528463581521,1.46453089428813
3,594.368790320226,1.46453089417991
3,595.209117058932,1.4645308940717
3,596.049443797637,1.46453089396349
3,596.889770536343,1.46453089385527
3,597.730097275049,1.46453089374706
3,598.570424013754,1.46453089363884
3,599.41075075246,1.46453089353063
3,600.251077491165,1.46453089342241
3,601.091404229871,1.4645308933142
3,601.931730968577,1.46453089320599
3,602.772057707282,1.46453089309777
3,603.612384445988,1.46453089298956
3,604.452711184693,1.46453089288134
3,605.293037923399,1.46453089277313
3,606.133364662104,1.46453089266491
3,606.97369140081,1.4645308925567
3,607.814018139516,1.46453089244848
3,608.654344878221,277.548200169587
3,609.494671616927,277.910296766415
3,610.334998355632,278.272393363243
3,611.175325094338,278.634489960071
3,612.015651833044,278.996586556899
3,612.855978571749,279.358683153727
3,613.696305310455,279.720779750555
3,614.53663204916,280.082876347383
3,615.376958787866,280.444972944211
3,616.217285526571,280.807069541039
3,617.057612265277,281.169166137867
3,617.897939003983,281.531262734695
3,618.738265742688,281.893359331523
3,619.578592481394,282.255455928351
3,620.418919220099,282.617552525179
3,621.259245958805,282.979649122007
3,622.099572697511,283.341745718835
3,622.939899436216,283.703842315663
3,623.780226174922,284.065938912491
3,624.620552913627,284.428035509319
-1,625.460879652333,284.790132106147
