BVE2000000
#ACCELERATION
2,1.5,10,15,1
2,1.5,20,25,1
2,1,30,35,1
2,1,40,45,1
3,1,50,55,1
1,0.5,55,57,1
1,0.5,57,59,1
#PERFORMANCE
5
0.5
#DELAY
0
0
0
0
0
0
#MOVE
50
50
40
160
160
500
#BRAKE
0
0
6
#PRESSURE
400
400
686
784
#HANDLE
1
7
5
0
#COCKPIT
0
2180
-5300
#CAR
20
2
2
1
11
1
#DEVICE
0
0
0
0
0
0
0
0
2
2
#MOTOR_P1
0,10,0
0,10,4
0,10,7
0,10,11
0,10,15
0,10,18
0,10,22
0,10,25
0,10,29
0,10,33
0,10,36
0,10,40
0,10,44
0,10,47
0,10,51
0,10,55
0,10,58
0,10,62
0,10,65
0,10,69
0,10,73
0,10,76
0,10,80
0,10,80
0,11,80
0,11,80
0,12,80
0,12,81
0,13,81
0,13,81
0,14,81
0,14,81
0,14,81
0,15,81
0,15,82
0,16,82
0,16,82
0,17,82
0,17,82
0,18,82
0,18,82
0,18,82
0,19,82
0,19,83
0,20,83
0,20,83
0,21,83
0,21,83
0,22,83
0,22,83
0,22,84
0,23,84
0,23,84
0,24,84
0,24,84
0,25,84
0,25,84
0,26,84
0,26,84
0,26,85
0,27,85
0,27,85
0,28,85
0,28,85
0,29,85
0,29,85
0,30,86
0,30,86
0,30,86
0,31,86
0,31,86
0,32,86
0,32,86
0,33,86
0,33,86
0,34,87
0,34,87
0,34,87
0,35,87
0,35,87
0,36,87
0,36,87
0,37,88
0,37,88
0,38,88
0,38,88
0,39,88
0,39,88
0,39,88
0,40,88
0,40,88
0,41,89
0,41,89
0,42,89
0,42,89
0,43,89
0,43,89
0,43,89
0,44,90
0,44,90
0,45,90
0,45,90
0,46,90
0,46,90
0,47,90
0,47,90
0,47,90
0,48,91
0,48,91
0,49,91
0,49,91
0,50,91
0,50,91
0,51,91
0,51,92
0,51,92
0,52,92
0,52,92
0,53,92
0,53,92
0,54,92
0,54,92
0,55,92
0,55,93
0,55,93
0,56,93
0,56,93
0,57,93
0,57,93
0,58,93
0,58,94
0,59,94
0,59,94
0,59,94
0,60,94
0,60,94
0,61,94
0,61,94
0,62,94
0,62,95
0,63,95
0,63,94
0,63,94
0,64,94
0,64,94
0,65,94
0,65,94
0,66,94
0,66,94
0,67,94
0,67,94
0,67,94
0,68,94
0,68,94
0,69,94
0,69,94
0,70,94
0,70,94
0,71,94
0,71,94
0,71,94
0,72,94
0,72,94
0,73,94
0,73,94
0,74,94
0,74,94
0,74,94
0,75,94
0,74,94
0,74,94
0,74,94
0,74,94
0,74,94
0,74,94
0,74,94
0,74,94
0,74,94
0,74,94
0,74,94
0,74,94
0,74,94
0,74,94
0,74,94
0,74,94
0,74,94
0,74,94
0,74,94
0,74,94
0,74,94
0,74,94
0,74,94
0,74,94
0,74,94
0,74,94
0,74,94
0,74,94
0,74,94
0,74,94
0,74,94
0,74,94
0,74,94
0,74,94
0,74,94
0,74,94
0,74,94
0,74,94
0,74,94
0,74,94
0,74,94
0,74,94
0,74,94
0,74,94
0,74,94
0,74,94
0,74,94
0,74,94
0,74,94
0,74,94
0,74,94
0,74,94
0,74,94
0,74,94
0,74,94
0,74,94
0,74,94
0,74,94
0,74,94
0,74,94
0,74,94
0,74,94
0,74,94
0,74,94
0,74,94
0,74,94
0,74,94
0,74,94
0,74,94
0,74,94
0,74,94
0,74,94
0,74,94
0,74,94
0,74,94
0,74,94
0,74,94
0,74,94
0,74,94
0,74,94
0,74,94
0,74,94
0,74,94
0,74,94
0,74,94
0,74,94
0,74,94
0,74,94
0,74,94
0,74,94
0,74,94
0,74,94
0,74,94
0,74,94
0,74,94
0,74,94
0,74,94
0,74,94
0,74,94
0,74,94
0,74,94
0,74,94
0,74,94
0,74,94
0,74,94
0,74,94
0,74,94
0,74,94
0,74,94
0,74,94
0,74,94
0,74,94
0,74,94
0,74,94
0,74,94
0,74,94
0,74,94
0,74,94
0,74,94
0,74,94
0,74,94
0,74,94
0,74,94
0,74,94
0,74,94
0,74,94
0,74,94
0,74,94
0,74,94
0,74,94
0,74,94
0,74,94
0,74,94
0,74,94
0,74,94
0,74,94
0,74,94
0,74,94
0,74,94
0,74,94
0,74,94
0,74,94
0,74,94
0,74,94
0,74,94
0,74,94
0,74,94
0,74,94
0,74,94
0,74,94
0,74,94
0,74,94
0,74,94
0,74,94
0,74,94
0,74,94
0,74,94
0,74,94
0,74,94
0,74,94
0,74,94
0,74,94
0,74,94
0,74,94
0,74,94
0,74,94
0,74,94
0,74,94
0,74,94
0,74,94
0,74,94
0,74,94
0,74,94
0,74,94
0,74,94
0,74,94
0,74,94
0,74,94
0,74,94
0,74,94
0,74,94
0,74,94
0,74,94
0,74,94
0,74,94
0,74,94
0,74,94
0,74,94
0,74,94
0,74,94
0,74,94
0,74,94
0,74,94
0,74,94
0,74,94
0,74,94
0,74,94
0,74,94
0,74,94
0,74,94
0,74,94
0,74,94
0,74,94
0,74,94
0,74,94
0,74,94
0,74,94
0,74,94
0,74,94
0,74,94
0,74,94
0,74,94
0,74,94
0,74,94
0,74,94
0,74,94
0,74,94
0,74,94
0,74,94
0,74,94
0,74,94
0,74,94
0,74,94
0,74,94
0,74,94
0,74,94
0,74,94
0,74,94
0,74,94
0,74,94
0,74,94
0,74,94
0,74,94
0,74,94
0,74,94
0,74,94
0,74,94
0,74,94
0,74,94
0,74,94
0,74,94
0,74,94
0,74,94
0,74,94
0,74,94
0,74,94
0,74,94
0,74,94
0,74,94
0,74,94
0,74,94
0,74,94
0,74,94
0,74,94
0,74,94
0,74,94
0,74,94
0,74,94
0,74,94
0,74,94
0,74,94
0,74,94
0,74,94
0,74,94
0,74,94
0,74,94
0,74,94
0,74,94
0,74,94
0,74,94
0,74,94
0,74,94
0,74,94
0,74,94
0,74,94
0,74,94
0,74,94
0,74,94
0,74,94
0,74,94
0,74,94
0,74,94
0,74,94
0,74,94
0,74,94
0,74,94
0,74,94
0,74,94
0,74,94
0,74,94
0,74,94
0,74,94
0,74,94
0,74,94
0,74,94
0,74,94
0,74,94
0,74,94
0,74,94
0,74,94
0,74,94
0,74,94
0,74,95
0,74,95
0,74,95
0,74,95
0,74,95
0,74,95
0,74,95
0,74,95
0,74,95
0,74,95
0,74,95
0,74,95
0,74,95
0,74,95
0,74,95
0,74,95
0,74,95
0,74,95
0,74,95
0,74,95
0,74,95
0,74,95
0,74,95
0,74,95
0,74,95
0,74,95
0,74,95
0,74,95
0,74,95
0,74,95
0,74,95
0,74,95
0,74,95
0,74,95
0,74,95
0,74,95
0,74,95
0,74,95
0,74,95
0,74,95
0,74,95
0,74,95
0,74,95
0,74,95
0,74,95
0,74,95
0,74,95
0,74,95
0,74,95
0,74,95
0,74,95
0,74,95
0,74,95
0,74,95
0,74,95
0,74,95
0,74,95
0,74,95
0,74,95
0,74,95
0,74,95
0,74,95
0,74,95
0,74,95
0,74,95
0,74,95
0,74,95
0,74,95
0,74,95
0,74,95
0,74,95
0,74,95
0,74,95
0,74,95
0,74,95
0,74,95
0,74,95
0,74,95
0,74,95
0,74,95
0,74,95
0,74,95
0,74,95
0,74,95
0,74,95
0,74,95
0,74,95
0,74,95
0,74,95
0,74,95
0,74,95
0,74,95
0,74,95
0,74,95
0,74,95
0,74,95
0,74,95
0,74,95
0,74,95
0,74,95
0,74,95
0,74,95
0,74,95
0,74,95
0,74,95
0,74,95
0,74,95
0,74,95
0,74,95
0,74,95
0,74,95
0,74,95
0,74,95
0,74,95
0,74,95
0,74,95
0,74,95
0,74,95
0,74,95
0,74,95
0,74,95
0,74,95
0,74,95
0,74,95
0,74,95
0,74,95
0,74,95
0,74,95
0,74,95
0,74,95
0,74,95
0,74,95
0,74,95
0,74,95
0,74,95
0,74,95
0,74,95
0,74,95
0,74,95
0,74,95
0,74,95
0,74,95
0,74,95
0,74,95
0,74,95
0,74,95
0,74,95
0,74,95
0,74,95
0,74,95
0,74,95
0,74,95
0,74,95
0,74,95
0,74,95
0,74,95
0,74,95
0,74,95
0,74,95
0,74,95
0,74,95
0,74,95
0,74,95
0,74,95
0,74,95
0,74,95
0,74,95
0,74,95
0,74,95
0,74,95
0,74,95
0,74,95
0,74,95
0,74,95
0,74,95
0,74,95
0,74,95
0,74,95
0,74,95
0,74,95
0,74,95
0,74,95
0,74,95
0,74,95
0,74,95
0,74,95
0,74,95
0,74,95
0,74,95
0,74,95
0,74,95
0,74,95
0,74,95
0,74,95
0,74,95
0,74,95
0,74,95
0,74,95
0,74,95
0,74,95
0,74,95
0,74,95
0,74,95
0,74,95
0,74,95
0,74,95
0,74,95
0,74,95
0,74,95
0,74,95
0,74,95
0,74,95
0,74,95
0,74,95
0,74,95
0,74,95
0,74,95
0,74,95
0,74,95
0,74,95
0,74,95
0,74,95
0,74,95
0,74,95
0,74,95
0,74,95
0,74,95
0,74,95
0,74,95
0,74,95
0,74,95
0,74,95
0,74,95
0,74,95
0,74,95
0,74,95
0,74,95
0,74,95
0,74,95
0,74,95
0,74,95
0,74,95
0,74,95
0,74,95
0,74,95
0,74,95
0,74,95
0,74,95
0,74,95
0,74,95
0,74,95
0,74,95
0,74,95
0,74,95
0,74,95
0,74,95
0,74,95
0,74,95
0,74,95
0,74,95
0,74,95
0,74,95
0,74,95
0,74,95
0,74,95
0,74,95
0,74,95
0,74,95
0,74,95
0,74,95
0,74,95
0,74,95
0,74,95
0,74,95
0,74,95
0,74,95
0,74,95
0,74,95
0,74,95
0,74,95
0,74,95
0,74,95
0,74,95
0,74,95
0,74,95
0,74,95
0,74,95
0,74,95
0,74,95
0,74,95
0,74,95
0,74,95
0,74,95
0,74,95
0,74,95
0,74,95
0,74,95
0,74,95
0,74,95
0,74,95
0,74,95
0,74,95
0,74,95
0,74,95
0,74,95
0,74,95
0,74,95
0,74,95
0,74,95
0,74,95
0,74,95
0,74,95
0,74,95
0,74,95
0,74,95
0,74,95
0,74,95
0,74,95
0,74,95
0,74,95
0,74,95
0,74,95
0,74,95
0,74,95
0,74,95
0,74,95
0,74,95
0,74,95
0,74,95
#MOTOR_P2
7,110,64
7,110,65
7,110,67
7,110,68
7,110,69
7,110,70
7,110,72
7,110,73
7,110,74
7,110,76
7,110,77
7,110,78
7,110,79
7,110,81
7,110,82
7,110,83
7,110,84
7,110,86
7,110,87
7,110,88
7,110,90
7,110,91
7,110,92
7,110,93
7,110,95
7,110,96
7,110,97
7,110,99
7,110,100
7,110,101
7,110,102
7,110,104
7,110,105
7,110,106
7,110,108
7,110,109
7,110,110
7,110,112
7,110,113
7,110,114
7,110,115
7,110,117
7,110,118
7,110,119
7,110,121
7,110,122
7,110,123
7,110,124
7,110,126
7,110,127
7,110,127
7,110,127
7,110,127
7,110,127
7,110,127
7,110,127
7,110,127
7,110,127
7,110,127
7,110,127
7,110,127
7,110,126
7,110,125
7,110,124
7,110,123
7,110,122
7,110,121
7,110,120
7,110,119
7,110,118
7,110,117
7,110,116
7,110,115
7,110,114
7,110,113
7,110,112
7,110,111
7,110,110
7,110,109
7,110,108
7,110,107
7,110,106
7,110,105
7,110,104
7,110,103
7,110,102
7,110,101
7,110,100
7,110,99
7,110,98
7,110,97
7,110,96
7,110,95
7,110,94
7,110,93
7,110,92
7,110,91
7,110,90
7,110,89
7,110,88
7,110,87
7,110,86
7,110,85
7,110,84
7,110,83
7,110,82
7,110,81
7,110,80
7,110,79
7,110,78
7,110,77
7,110,76
7,110,75
7,110,74
7,110,73
7,110,72
7,110,71
7,110,70
7,110,69
7,110,68
7,110,67
7,110,66
7,110,65
7,110,64
7,110,63
7,110,62
7,110,61
7,110,60
7,110,59
7,110,58
7,110,57
7,110,56
7,110,55
7,110,54
7,110,53
7,110,52
7,110,51
7,110,50
7,110,49
7,110,48
7,110,48
1,31,48
1,32,48
1,32,49
1,32,49
1,32,50
1,33,50
1,33,51
1,33,51
1,33,52
1,33,52
1,34,53
1,34,53
1,34,54
1,34,54
1,35,55
1,35,55
1,35,56
1,35,56
1,35,57
1,36,57
1,36,58
1,36,58
1,36,59
1,37,59
1,37,60
1,37,60
1,37,61
1,37,61
1,38,62
1,38,62
1,38,63
1,38,63
1,39,64
1,39,64
1,39,65
1,39,65
1,40,66
1,40,66
1,40,67
1,40,67
1,40,68
1,41,68
1,41,69
1,41,69
1,41,70
1,42,70
1,42,71
1,42,71
1,42,72
1,42,72
1,43,73
1,43,73
1,43,74
1,43,74
1,44,75
1,44,75
1,44,76
1,44,76
1,44,77
1,45,77
1,45,78
1,45,78
1,45,79
1,46,79
1,46,80
1,46,80
1,46,81
1,46,81
1,47,82
1,47,82
1,47,83
1,47,83
1,48,84
1,48,84
1,48,85
1,48,85
1,48,86
1,49,86
1,49,87
1,49,87
1,49,88
1,50,88
1,50,89
1,50,89
1,50,90
1,50,90
1,51,91
1,51,91
1,51,92
1,51,92
1,52,93
1,52,93
1,52,94
1,52,94
1,52,95
1,53,95
1,53,96
1,53,96
1,53,97
1,54,97
1,54,98
1,54,98
1,54,99
1,54,99
1,55,100
1,55,100
1,55,101
1,55,101
1,56,102
1,56,102
1,56,103
1,56,103
1,56,104
1,57,104
1,57,105
1,57,105
1,57,106
1,58,106
1,58,107
1,58,107
1,58,108
1,59,108
1,59,109
1,59,109
1,59,110
1,59,110
1,60,111
1,60,111
1,60,112
1,60,112
1,61,113
1,61,113
1,61,114
1,61,114
1,61,115
1,62,115
1,62,116
1,62,116
1,62,117
1,63,117
1,63,118
1,63,118
1,63,119
1,63,119
1,64,120
1,64,120
1,64,121
1,64,121
1,65,122
1,65,122
1,65,123
1,65,123
1,65,124
1,66,124
1,66,125
1,66,125
1,66,126
1,67,126
1,67,127
1,67,127
1,67,127
1,67,127
1,68,127
1,68,127
1,68,127
1,68,127
1,69,127
1,69,127
1,69,127
1,69,127
1,69,127
1,70,127
1,70,127
1,70,127
1,70,127
1,71,127
1,71,127
1,71,127
1,71,127
1,71,127
1,72,127
1,72,127
1,72,127
1,72,127
1,73,127
1,73,127
1,73,127
1,73,127
1,73,127
1,74,127
1,74,127
1,74,127
1,74,127
1,75,127
1,75,127
1,75,127
1,75,127
1,75,127
1,76,127
1,76,127
1,76,127
1,76,127
1,77,127
1,77,127
1,77,127
1,77,127
1,77,127
1,78,127
1,78,127
1,78,127
1,78,127
1,79,127
1,79,127
1,79,127
1,79,127
1,79,127
1,80,127
1,80,127
1,80,127
1,80,127
1,81,127
1,81,127
1,81,127
1,81,127
1,81,127
1,82,127
1,82,127
1,82,127
1,82,127
1,83,127
1,83,127
1,83,127
1,83,127
1,83,127
1,84,127
1,84,127
1,84,127
1,84,127
1,85,127
1,85,127
1,85,127
1,85,127
1,85,127
1,86,127
1,86,127
1,86,127
1,86,127
1,87,127
1,87,127
1,87,127
1,87,127
1,87,127
1,88,127
1,88,127
1,88,127
1,88,127
1,89,127
1,89,127
1,89,127
1,89,127
1,89,127
1,90,127
1,90,127
1,90,127
1,90,127
1,91,127
1,91,127
1,91,127
1,91,127
1,91,127
1,92,127
1,92,127
1,92,127
1,92,127
1,93,127
1,93,127
1,93,127
1,93,127
1,93,127
1,94,127
1,94,127
1,94,127
1,94,127
1,95,127
1,95,127
1,95,127
1,95,127
1,95,127
1,96,127
1,96,127
1,96,127
1,96,127
1,97,127
1,97,127
1,97,127
1,97,127
1,97,127
1,98,127
1,98,127
1,98,127
1,98,127
1,99,127
1,99,127
1,99,127
1,99,127
1,99,127
1,100,127
1,100,127
1,99,127
1,99,127
1,99,127
1,99,127
1,99,127
1,99,127
1,99,127
1,99,127
1,99,127
1,99,127
1,99,127
1,99,127
1,99,127
1,99,127
1,99,127
1,99,127
1,99,127
1,99,127
1,99,127
1,99,127
1,99,127
1,99,127
1,99,127
1,99,127
1,99,127
1,99,127
1,99,127
1,99,127
1,99,127
1,99,127
1,99,127
1,99,127
1,99,127
1,99,127
1,99,127
1,99,127
1,99,127
1,99,127
1,99,127
1,99,127
1,99,127
1,99,127
1,99,127
1,99,127
1,99,127
1,99,127
1,99,127
1,99,127
1,99,127
1,99,127
1,99,127
1,99,127
1,99,127
1,99,127
1,99,127
1,99,127
1,99,127
1,99,127
1,99,127
1,99,127
1,99,127
1,99,127
1,99,127
1,99,127
1,99,127
1,99,127
1,99,127
1,99,127
1,99,127
1,99,127
1,99,127
1,99,127
1,99,127
1,99,127
1,99,127
1,99,127
1,99,127
1,99,127
1,99,127
1,99,127
1,99,127
1,99,127
1,99,127
1,99,127
1,99,127
1,99,127
1,99,127
1,99,127
1,99,127
1,99,127
1,99,127
1,99,127
1,99,127
1,99,127
1,99,127
1,99,127
1,99,127
1,99,127
1,99,127
1,99,127
1,99,127
1,99,127
1,99,127
1,99,127
1,99,127
1,99,127
1,99,127
1,99,127
1,99,127
1,99,127
1,99,127
1,99,127
1,99,127
1,99,127
1,99,127
1,99,127
1,99,127
1,99,127
1,99,127
1,99,127
1,99,127
1,99,127
1,99,127
1,99,127
1,99,127
1,99,127
1,99,127
1,99,127
1,99,127
1,99,127
1,99,127
1,99,127
1,99,127
1,99,127
1,99,127
1,99,127
1,99,127
1,99,127
1,99,127
1,99,127
1,99,127
1,99,127
1,99,127
1,99,127
1,99,127
1,99,127
1,99,127
1,99,127
1,99,127
1,99,127
1,99,127
1,99,127
1,99,127
1,99,127
1,99,127
1,99,127
1,99,127
1,99,127
1,99,127
1,99,127
1,99,127
1,99,127
1,99,127
1,99,127
1,99,127
1,99,127
1,99,127
1,99,127
1,99,127
1,99,127
1,99,127
1,99,127
1,99,127
1,99,127
1,99,127
1,100,127
1,100,127
1,100,127
1,100,127
1,100,127
1,100,127
1,100,127
1,100,127
1,100,127
1,100,127
1,100,127
1,100,127
1,100,127
1,100,127
1,100,127
1,100,127
1,100,127
1,100,127
1,100,127
1,100,127
1,100,127
1,100,127
1,100,127
1,100,127
1,100,127
1,100,127
1,100,127
1,100,127
1,100,127
1,100,127
1,100,127
1,100,127
1,100,127
1,100,127
1,100,127
1,100,127
1,100,127
1,100,127
1,100,127
1,100,127
1,100,127
1,100,127
1,100,127
1,100,127
1,100,127
1,100,127
1,100,127
1,100,127
1,100,127
1,100,127
1,100,127
1,100,127
1,100,127
1,100,127
1,100,127
1,100,127
1,100,127
1,100,127
1,100,127
1,100,127
1,100,127
1,100,127
1,100,127
1,100,127
1,100,127
1,100,127
1,100,127
1,100,127
1,100,127
1,100,127
1,100,127
1,100,127
1,100,127
1,100,127
1,100,127
1,100,127
1,100,127
1,100,127
1,100,127
1,100,127
1,100,127
1,100,127
1,100,127
1,100,127
1,100,127
1,100,127
1,100,127
1,100,127
1,100,127
1,100,127
1,100,127
1,100,127
1,100,127
1,100,127
1,100,127
1,100,127
1,100,127
1,100,127
1,100,127
1,100,127
1,100,127
1,100,127
1,100,127
1,100,127
1,100,127
1,100,127
1,100,127
1,100,127
1,100,127
1,100,127
1,100,127
1,100,127
1,100,127
1,100,127
1,100,127
1,100,127
1,100,127
1,100,127
1,100,127
1,100,127
1,100,127
1,100,127
1,100,127
1,100,127
1,100,127
1,100,127
1,100,127
1,100,127
1,100,127
1,100,127
1,100,127
1,100,127
1,100,127
1,100,127
1,100,127
1,100,127
1,100,127
1,100,127
1,100,127
1,100,127
1,100,127
1,100,127
1,100,127
1,100,127
1,100,127
1,100,127
1,100,127
1,100,127
1,100,127
1,100,127
1,100,127
1,100,127
1,100,127
1,100,127
1,100,127
1,100,127
1,100,127
1,100,127
1,100,127
1,100,127
1,100,127
1,100,127
1,100,127
1,100,127
1,100,127
1,100,127
1,100,127
1,100,127
1,100,127
1,100,127
1,100,127
1,100,127
1,100,127
1,100,127
1,100,127
1,100,127
#MOTOR_B1
0,10,0
0,10,2
0,10,5
0,10,7
0,10,9
0,10,11
0,10,14
0,10,16
0,10,18
0,10,20
0,10,23
0,10,25
0,10,27
0,10,30
0,10,32
0,10,34
0,10,36
0,10,39
0,10,41
0,10,43
0,10,45
0,10,48
0,10,50
0,10,50
0,11,51
0,11,51
0,12,51
0,12,52
0,13,52
0,13,53
0,14,53
0,14,53
0,14,54
0,15,54
0,15,54
0,16,55
0,16,55
0,17,55
0,17,56
0,18,56
0,18,56
0,18,57
0,19,57
0,19,58
0,20,58
0,20,58
0,21,59
0,21,59
0,22,59
0,22,60
0,22,60
0,23,60
0,23,61
0,24,61
0,24,62
0,25,62
0,25,62
0,26,63
0,26,63
0,26,63
0,27,64
0,27,64
0,28,64
0,28,65
0,29,65
0,29,65
0,30,66
0,30,66
0,30,67
0,31,67
0,31,67
0,32,68
0,32,68
0,33,68
0,33,69
0,34,69
0,34,69
0,34,70
0,35,70
0,35,70
0,36,71
0,36,71
0,37,72
0,37,72
0,38,72
0,38,73
0,39,73
0,39,73
0,39,74
0,40,74
0,40,74
0,41,75
0,41,75
0,42,76
0,42,76
0,43,76
0,43,77
0,43,77
0,44,77
0,44,78
0,45,78
0,45,78
0,46,79
0,46,79
0,47,79
0,47,80
0,47,80
0,48,81
0,48,81
0,49,81
0,49,82
0,50,82
0,50,82
0,51,83
0,51,83
0,51,83
0,52,84
0,52,84
0,53,84
0,53,85
0,54,85
0,54,86
0,55,86
0,55,86
0,55,87
0,56,87
0,56,87
0,57,88
0,57,88
0,58,88
0,58,89
0,59,89
0,59,90
0,59,90
0,60,90
0,60,91
0,61,91
0,61,91
0,62,92
0,62,92
0,63,92
0,63,93
0,63,93
0,64,93
0,64,94
0,65,94
0,65,95
0,66,95
0,66,95
0,67,96
0,67,96
0,67,95
0,68,95
0,68,94
0,69,93
0,69,93
0,70,92
0,70,92
0,71,91
0,71,90
0,71,90
0,72,89
0,72,88
0,73,88
0,73,87
0,74,86
0,74,86
0,74,85
0,75,84
0,75,84
0,76,83
0,76,83
0,77,82
0,77,81
0,78,81
0,78,80
0,78,79
0,79,79
0,79,78
0,80,77
0,80,77
0,81,76
0,81,76
0,82,75
0,82,74
0,82,74
0,83,73
0,83,72
0,84,72
0,84,71
0,85,70
0,85,70
0,85,69
0,86,68
0,86,68
0,87,67
0,87,67
0,88,66
0,88,65
0,89,65
0,89,64
0,89,63
0,90,63
0,90,62
0,91,61
0,91,61
0,92,60
0,92,60
0,93,59
0,93,58
0,93,58
0,94,57
0,94,56
0,95,56
0,95,55
0,96,54
0,96,54
0,96,53
0,97,52
0,97,52
0,98,51
0,98,51
0,99,50
0,99,49
0,100,49
0,100,48
0,100,47
0,101,47
0,101,46
0,102,45
0,102,45
0,103,44
0,103,44
0,104,43
0,104,42
0,104,42
0,105,41
0,105,40
0,106,40
0,106,39
0,107,38
0,107,38
0,107,37
0,108,36
0,108,36
0,109,35
0,109,35
0,110,34
0,110,33
0,111,33
0,111,32
0,111,31
0,112,31
0,112,30
0,113,29
0,113,29
0,114,28
0,114,28
0,115,27
0,115,26
0,115,26
0,116,25
0,116,24
0,117,24
0,117,23
0,118,22
0,118,22
0,118,21
0,119,20
0,119,20
0,120,19
0,120,19
0,121,18
0,121,17
0,122,17
0,122,16
0,122,15
0,123,15
0,123,14
0,124,13
0,124,13
0,125,12
0,125,12
0,126,11
0,126,10
0,126,10
0,127,9
0,127,8
0,128,8
0,128,7
0,129,6
0,129,6
0,129,5
0,130,4
0,130,4
0,131,3
0,131,3
0,132,2
0,132,1
0,133,1
0,133,0
0,133,0
0,133,0
0,133,0
0,133,0
0,133,0
0,133,0
0,133,0
0,133,0
0,133,0
0,133,0
0,133,0
0,133,0
0,133,0
0,133,0
0,133,0
0,133,0
0,133,0
0,133,0
0,133,0
0,133,0
0,133,0
0,133,0
0,133,0
0,133,0
0,133,0
0,133,0
0,133,0
0,133,0
0,133,0
0,133,0
0,133,0
0,133,0
0,133,0
0,133,0
0,133,0
0,133,0
0,133,0
0,133,0
0,133,0
0,133,0
0,133,0
0,133,0
0,133,0
0,133,0
0,133,0
0,133,0
0,133,0
0,133,0
0,133,0
0,133,0
0,133,0
0,133,0
0,133,0
0,133,0
0,133,0
0,133,0
0,133,0
0,133,0
0,133,0
0,133,0
0,133,0
0,133,0
0,133,0
0,133,0
0,133,0
0,133,0
0,133,0
0,133,0
0,133,0
0,133,0
0,133,0
0,133,0
0,133,0
0,133,0
0,133,0
0,133,0
0,133,0
0,133,0
0,133,0
0,133,0
0,133,0
0,133,0
0,133,0
0,133,0
0,133,0
0,133,0
0,133,0
0,133,0
0,133,0
0,133,0
0,133,0
0,133,0
0,133,0
0,133,0
0,133,0
0,133,0
0,133,0
0,133,0
0,133,0
0,133,0
0,133,0
0,133,0
0,133,0
0,133,0
0,133,0
0,133,0
0,133,0
0,133,0
0,133,0
0,133,0
0,133,0
0,133,0
0,133,0
0,133,0
0,133,0
0,133,0
0,133,0
0,133,0
0,133,0
0,133,0
0,133,0
0,133,0
0,133,0
0,133,0
0,133,0
0,133,0
0,133,0
0,133,0
0,133,0
0,133,0
0,133,0
0,133,0
0,133,0
0,133,0
0,133,0
0,133,0
0,133,0
0,133,0
0,133,0
0,133,0
0,133,0
0,133,0
0,133,0
0,133,0
0,133,0
0,133,0
0,133,0
0,133,0
0,133,0
0,133,0
0,133,0
0,133,0
0,133,0
0,133,0
0,133,0
0,133,0
0,133,0
0,133,0
0,133,0
0,133,0
0,133,0
0,133,0
0,133,0
0,133,0
0,133,0
0,133,0
0,133,0
0,133,0
0,133,0
0,133,0
0,133,0
0,133,0
0,133,0
0,133,0
0,133,0
0,133,0
0,133,0
0,133,0
0,133,0
0,133,0
0,133,0
0,133,0
0,133,0
0,133,0
0,133,0
0,133,0
0,133,0
0,133,0
0,133,0
0,133,0
0,133,0
0,133,0
0,133,0
0,133,0
0,133,0
0,133,0
0,133,0
0,133,0
0,133,0
0,133,0
0,133,0
0,133,0
0,133,0
0,133,0
0,133,0
0,133,0
0,133,0
0,133,0
0,133,0
0,133,0
0,133,0
0,133,0
0,133,0
0,133,0
0,133,0
0,133,0
0,133,0
0,133,0
0,133,0
0,133,0
0,133,0
0,133,0
0,133,0
0,133,0
0,133,0
0,133,0
0,133,0
0,133,0
0,133,0
0,133,0
0,133,0
0,133,0
0,133,0
0,133,0
0,133,0
0,133,0
0,133,0
0,133,0
0,133,0
0,133,0
0,133,0
0,133,0
0,133,0
0,133,0
0,133,0
0,133,0
0,133,0
0,133,0
0,133,0
0,133,0
0,133,0
0,133,0
0,133,0
0,133,0
0,133,0
0,133,0
0,133,0
0,133,0
0,133,0
0,133,0
0,133,0
0,133,0
0,133,0
0,133,0
0,133,0
0,133,0
0,133,0
0,133,0
0,133,0
0,133,0
0,133,0
0,133,0
0,133,0
0,133,0
0,133,0
0,133,0
0,133,0
0,133,0
0,133,0
0,133,0
0,133,0
0,133,0
0,133,0
0,133,0
0,133,0
0,133,0
0,133,0
0,133,0
0,133,0
0,133,0
0,133,0
0,133,0
0,133,0
0,133,0
0,133,0
0,133,0
0,133,0
0,133,0
0,133,0
0,133,0
0,133,0
0,133,0
0,133,0
0,133,0
0,133,0
0,133,0
0,133,0
0,133,0
0,133,0
0,133,0
0,133,0
0,133,0
0,133,0
0,133,0
0,133,0
0,133,0
0,133,0
0,133,0
0,133,0
0,133,0
0,133,0
0,133,0
0,133,0
0,133,0
0,133,0
0,133,0
0,133,0
0,133,0
0,133,0
0,133,0
0,133,0
0,133,0
0,133,0
0,133,0
0,133,0
0,133,0
0,133,0
0,133,0
0,133,0
0,133,0
0,133,0
0,133,0
0,133,0
0,133,0
0,133,0
0,133,0
0,133,0
0,133,0
0,133,0
0,133,0
0,133,0
0,133,0
0,133,0
0,133,0
0,133,0
0,133,0
0,133,0
0,133,0
0,133,0
0,133,0
0,133,0
0,133,0
0,133,0
0,133,0
0,133,0
0,133,0
0,133,0
0,133,0
0,133,0
0,133,0
0,133,0
0,133,0
0,133,0
0,133,0
0,133,0
0,133,0
0,133,0
0,133,0
0,133,0
0,133,0
0,133,0
0,133,0
0,133,0
0,133,0
0,133,0
0,133,0
0,133,0
0,133,0
0,133,0
0,133,0
0,133,0
0,133,0
0,133,0
0,133,0
0,133,0
0,133,0
0,133,0
0,133,0
0,133,0
0,133,0
0,133,0
0,133,0
0,133,0
0,133,0
0,133,0
0,133,0
0,133,0
0,133,0
0,133,0
0,133,0
0,133,0
0,133,0
0,133,0
0,133,0
0,133,0
0,133,0
0,133,0
0,133,0
0,133,0
0,133,0
0,133,0
0,133,0
0,133,0
0,133,0
0,133,0
0,133,0
0,133,0
0,133,0
0,133,0
0,133,0
0,133,0
0,133,0
0,133,0
0,133,0
0,133,0
0,133,0
0,133,0
0,133,0
0,133,0
0,133,0
0,133,0
0,133,0
0,133,0
0,133,0
0,133,0
0,133,0
0,133,0
0,133,0
0,133,0
0,133,0
0,133,0
0,133,0
0,133,0
0,133,0
0,133,0
0,133,0
0,133,0
0,133,0
0,133,0
0,133,0
0,133,0
0,133,0
0,133,0
0,133,0
0,133,0
0,133,0
0,133,0
0,133,0
0,133,0
0,133,0
0,133,0
0,133,0
0,133,0
0,133,0
0,133,0
0,133,0
0,133,0
0,133,0
0,133,0
0,133,0
0,133,0
0,133,0
0,133,0
0,133,0
0,133,0
0,133,0
0,133,0
0,133,0
0,133,0
0,133,0
0,133,0
0,133,0
0,133,0
0,133,0
0,133,0
0,133,0
0,133,0
0,133,0
0,133,0
#MOTOR_B2
1,10,0
1,10,2
1,10,3
1,10,5
1,10,6
1,10,8
1,10,9
1,10,11
1,10,12
1,10,14
1,10,16
1,10,17
1,10,19
1,10,20
1,10,22
1,10,23
1,10,25
1,10,26
1,10,28
1,10,30
1,10,31
1,10,33
1,10,34
1,10,36
1,10,37
1,10,39
1,10,40
1,10,42
1,10,44
1,10,45
1,10,47
1,10,48
1,10,50
1,10,51
1,10,53
1,10,54
1,10,56
1,10,58
1,10,59
1,10,61
1,10,62
1,10,64
1,10,65
1,10,67
1,10,68
1,10,70
1,10,70
1,10,70
1,11,71
1,11,71
1,11,71
1,11,71
1,12,72
1,12,72
1,12,72
1,12,72
1,12,72
1,13,73
1,13,73
1,13,73
1,13,73
1,14,74
1,14,74
1,14,74
1,14,74
1,14,74
1,15,75
1,15,75
1,15,75
1,15,75
1,16,76
1,16,76
1,16,76
1,16,76
1,16,76
1,17,77
1,17,77
1,17,77
1,17,77
1,18,78
1,18,78
1,18,78
1,18,78
1,18,78
1,19,79
1,19,79
1,19,79
1,19,79
1,20,80
1,20,80
1,20,80
1,20,80
1,21,81
1,21,81
1,21,81
1,21,81
1,21,81
1,22,82
1,22,82
1,22,82
1,22,82
1,23,83
1,23,83
1,23,83
1,23,83
1,23,83
1,24,84
1,24,84
1,24,84
1,24,84
1,25,85
1,25,85
1,25,85
1,25,85
1,25,85
1,26,86
1,26,86
1,26,86
1,26,86
1,27,87
1,27,87
1,27,87
1,27,87
1,27,87
1,28,88
1,28,88
1,28,88
1,28,88
1,29,89
1,29,89
1,29,89
1,29,89
1,29,89
1,30,90
1,30,90
1,30,90
1,30,90
1,31,91
1,31,91
1,31,91
1,31,91
1,31,91
1,32,92
1,32,92
1,32,92
1,32,92
1,33,93
1,33,93
1,33,93
1,33,93
1,33,93
1,34,94
1,34,94
1,34,94
1,34,94
1,35,95
1,35,95
1,35,95
1,35,95
1,35,95
1,36,96
1,36,96
1,36,96
1,36,96
1,37,97
1,37,97
1,37,97
1,37,97
1,37,97
1,38,98
1,38,98
1,38,98
1,38,98
1,39,99
1,39,99
1,39,99
1,39,99
1,40,100
1,40,100
1,40,100
1,40,100
1,40,100
1,41,101
1,41,101
1,41,101
1,41,101
1,42,102
1,42,102
1,42,102
1,42,102
1,42,102
1,43,103
1,43,103
1,43,103
1,43,103
1,44,104
1,44,104
1,44,104
1,44,104
1,44,104
1,45,105
1,45,105
1,45,105
1,45,105
1,46,106
1,46,106
1,46,106
1,46,106
1,46,106
1,47,107
1,47,107
1,47,107
1,47,107
1,48,108
1,48,108
1,48,108
1,48,108
1,48,108
1,49,109
1,49,109
1,49,109
1,49,109
1,50,110
1,50,110
1,50,110
1,50,110
1,50,110
1,51,111
1,51,111
1,51,111
1,51,111
1,52,112
1,52,112
1,52,112
1,52,112
1,52,112
1,53,113
1,53,113
1,53,113
1,53,113
1,54,114
1,54,114
1,54,114
1,54,114
1,54,114
1,55,115
1,55,115
1,55,115
1,55,115
1,56,116
1,56,116
1,56,116
1,56,116
1,56,116
1,57,117
1,57,117
1,57,117
1,57,117
1,58,118
1,58,118
1,58,118
1,58,118
1,59,119
1,59,119
1,59,119
1,59,119
1,59,119
1,60,120
1,60,120
1,60,120
1,60,120
1,61,121
1,61,121
1,61,121
1,61,121
1,61,121
1,62,122
1,62,122
1,62,122
1,62,122
1,63,123
1,63,123
1,63,123
1,63,123
1,63,123
1,64,124
1,64,124
1,64,124
1,64,124
1,65,125
1,65,125
1,65,125
1,65,125
1,65,125
1,66,126
1,66,126
1,66,126
1,66,126
1,67,127
1,67,127
1,67,127
1,67,127
1,67,127
1,68,127
1,68,127
1,68,127
1,68,127
1,69,127
1,69,127
1,69,127
1,69,127
1,69,127
1,70,127
1,70,127
1,70,127
1,70,127
1,71,127
1,71,127
1,71,127
1,71,127
1,71,127
1,72,127
1,72,127
1,72,127
1,72,127
1,73,127
1,73,127
1,73,127
1,73,127
1,73,127
1,74,127
1,74,127
1,74,127
1,74,127
1,75,127
1,75,127
1,75,127
1,75,127
1,75,127
1,76,127
1,76,127
1,76,127
1,76,127
1,77,127
1,77,127
1,77,127
1,77,127
1,77,127
1,78,127
1,78,127
1,78,127
1,78,127
1,79,127
1,79,127
1,79,127
1,79,127
1,79,127
1,80,127
1,80,127
1,80,127
1,80,127
1,81,127
1,81,127
1,81,127
1,81,127
1,81,127
1,82,127
1,82,127
1,82,127
1,82,127
1,83,127
1,83,127
1,83,127
1,83,127
1,83,127
1,84,127
1,84,127
1,84,127
1,84,127
1,85,127
1,85,127
1,85,127
1,85,127
1,85,127
1,86,127
1,86,127
1,86,127
1,86,127
1,87,127
1,87,127
1,87,127
1,87,127
1,87,127
1,88,127
1,88,127
1,88,127
1,88,127
1,89,127
1,89,127
1,89,127
1,89,127
1,89,127
1,90,127
1,90,127
1,90,127
1,90,127
1,91,127
1,91,127
1,91,127
1,91,127
1,91,127
1,92,127
1,92,127
1,92,127
1,92,127
1,93,127
1,93,127
1,93,127
1,93,127
1,93,127
1,94,127
1,94,127
1,94,127
1,94,127
1,95,127
1,95,127
1,95,127
1,95,127
1,95,127
1,96,127
1,96,127
1,96,127
1,96,127
1,97,127
1,97,127
1,97,127
1,97,127
1,97,127
1,98,127
1,98,127
1,98,127
1,98,127
1,99,127
1,99,127
1,99,127
1,99,127
1,99,127
1,100,127
1,100,127
1,100,127
1,100,127
1,101,127
1,101,127
1,101,127
1,101,127
1,101,127
1,102,127
1,102,127
1,102,127
1,102,127
1,103,127
1,103,127
1,103,127
1,103,127
1,103,127
1,104,127
1,104,127
1,104,127
1,104,127
1,105,127
1,105,127
1,105,127
1,105,127
1,105,127
1,106,127
1,106,127
1,106,127
1,106,127
1,107,127
1,107,127
1,107,127
1,107,127
1,107,127
1,108,127
1,108,127
1,108,127
1,108,127
1,109,127
1,109,127
1,109,127
1,109,127
1,109,127
1,110,127
1,110,127
1,110,127
1,110,127
1,111,127
1,111,127
1,111,127
1,111,127
1,111,127
1,112,127
1,112,127
1,112,127
1,112,127
1,113,127
1,113,127
1,113,127
1,113,127
1,113,127
1,114,127
1,114,127
1,114,127
1,114,127
1,115,127
1,115,127
1,115,127
1,115,127
1,115,127
1,116,127
1,116,127
1,116,127
1,116,127
1,117,127
1,117,127
1,117,127
1,117,127
1,117,127
1,118,127
1,118,127
1,118,127
1,118,127
1,119,127
1,119,127
1,119,127
1,119,127
1,119,127
1,120,127
1,120,127
1,120,127
1,120,127
1,121,127
1,121,127
1,121,127
1,121,127
1,121,127
1,122,127
1,122,127
1,122,127
1,122,127
1,123,127
1,123,127
1,123,127
1,123,127
1,123,127
1,124,127
1,124,127
1,124,127
1,124,127
1,125,127
1,125,127
1,125,127
1,125,127
1,125,127
1,126,127
1,126,127
1,126,127
1,126,127
1,127,127
1,127,127
1,127,127
1,127,127
1,127,127
1,128,127
1,128,127
1,128,127
1,128,127
1,129,127
1,129,127
1,129,127
1,129,127
1,129,127
1,130,127
1,130,127
1,130,127
1,130,127
1,131,127
1,131,127
1,131,127
1,131,127
1,131,127
1,132,127
1,132,127
1,132,127
1,132,127
1,133,127
1,133,127
1,133,127
1,133,127
1,133,127
1,134,127
1,134,127
1,134,127
1,134,127
1,135,127
1,135,127
1,135,127
1,135,127
1,135,127
1,136,127
1,136,127
1,136,127
1,136,127
1,137,127
1,137,127
1,137,127
1,137,127
1,137,127
1,138,127
1,138,127
1,138,127
1,138,127
1,139,127
1,139,127
1,139,127
1,139,127
1,139,127
1,140,127
1,140,127
1,140,127
1,140,127
1,141,127
1,141,127
1,141,127
1,141,127
1,141,127
1,142,127
1,142,127
1,142,127
1,142,127
1,143,127
1,143,127
1,143,127
1,143,127
1,143,127
1,144,127
1,144,127
1,144,127
1,144,127
1,145,127
1,145,127
1,145,127
1,145,127
1,145,127
1,146,127
1,146,127
1,146,127
1,146,127
1,147,127
1,147,127
1,147,127
1,147,127
1,147,127
1,147,127
1,147,127
1,147,126
1,147,126
1,147,126
1,147,126
1,147,126
1,147,126
1,147,126
1,147,126
1,147,125
1,147,125
1,147,125
1,147,125
1,147,125
1,147,125
1,147,125
1,147,125
1,147,124
1,147,124
1,147,124
1,147,124
1,147,124
1,147,124
1,147,124
1,147,124
1,147,123
1,147,123
1,147,123
1,147,123
1,147,123
1,147,123
1,147,123
1,147,123
1,147,123
1,147,122
1,147,122
1,147,122
1,147,122
1,147,122
1,147,122
1,147,122
1,147,122
1,147,121
1,147,121
1,147,121
1,147,121
1,147,121
1,147,121
1,147,121
1,147,121
1,147,120
1,147,120
1,147,120
1,147,120
1,147,120
1,147,120
1,147,120
1,147,120
1,147,119
1,147,119
1,147,119
1,147,119
1,147,119
1,147,119
1,147,119
1,147,119
1,147,118
1,147,118
1,147,118
1,147,118
1,147,118
1,147,118
1,147,118
1,147,118
1,147,118
1,147,117
1,147,117
1,147,117
1,147,117
1,147,117
1,147,117
1,147,117
1,147,117
1,147,116
1,147,116
1,147,116
1,147,116
1,147,116
1,147,116
1,147,116
1,147,116
1,147,115
1,147,115
1,147,115
1,147,115
1,147,115
1,147,115
1,147,115
1,147,115
1,147,114
1,147,114
1,147,114
1,147,114
1,147,114
1,147,114
1,147,114
1,147,114
1,147,114
1,147,113
1,147,113
1,147,113
1,147,113
1,147,113
1,147,113
1,147,113
1,147,113
1,147,112
1,147,112
1,147,112
1,147,112
1,147,112
1,147,112
1,147,112
1,147,112
1,147,111
1,147,111
1,147,111
1,147,111
1,147,111
1,147,111
1,147,111
1,147,111
1,147,110
1,147,110
1,147,110
1,147,110
#
