
Face 249, 245, 252
Face 245, 250, 252
Face 250, 227, 252
Face 227, 228, 252
Face 251, 233, 250
Face 246, 251, 250
Face 245, 246, 250
Face 223, 231, 244
Face 245, 249, 248
Face 244, 245, 248
Face 223, 244, 248
Face 222, 223, 248
Face 233, 227, 250
Face 243, 209, 242
Face 242, 237, 239
Face 243, 242, 239
Face 246, 245, 244
Face 247, 246, 244
Face 231, 247, 244
Face 241, 236, 237
Face 242, 241, 237
Face 209, 210, 242
Face 243, 209, 242
Face 242, 237, 239
Face 243, 242, 239
Face 246, 245, 244
Face 247, 246, 244
Face 230, 234, 215
Face 237, 236, 235
Face 238, 237, 235
Face 235, 217, 207
Face 238, 235, 207
Face 239, 237, 238
Face 240, 239, 238
Face 238, 207, 208
Face 240, 238, 208
Face 210, 218, 241
Face 242, 210, 241
Face 230, 215, 216
Face 229, 230, 216
Face 224, 231, 223
Face 233, 232, 226
Face 227, 233, 226
Face 232, 234, 230
Face 226, 232, 230
Face 234, 221, 215
Face 215, 221, 213
Face 224, 223, 222
Face 227, 226, 225
Face 228, 227, 225
Face 226, 230, 229
Face 225, 226, 229
Face 207, 217, 206
Face 219, 218, 210
Face 211, 219, 210
Face 220, 219, 211
Face 213, 220, 211
Face 221, 220, 213
Face 208, 207, 206
Face 211, 210, 209
Face 212, 211, 209
Face 213, 211, 212
Face 214, 213, 212
Face 215, 213, 214
Face 216, 215, 214