BVE1220000
#ACCELERATION
2.5,2.46,38,42,0.85
2.5,2.46,50,56,0.96
0,0,0,0,1
0,0,0,0,1
0,0,0,0,1
0,0,0,0,1
#DECELERATION
4.3
#DELAY
0.5
0.5
0
0
0.5
0.3
#MOVE
150
150
100
500
750
250
#BRAKE
1
2
6
#PRESSURE
372
421
686
784
#HANDLE
1
2
4
0
#COCKPIT
60
2400
-800
#CAR
15.520
2
7.760
1
9.427
1
#DEVICE
1
0
0
0
0
#MOTOR_P1
1,10,55
1,10,55
1,10,55
1,10,55
1,10,55
1,12,55
1,13,55
1,14,56
1,15,56
1,16,56
1,17,56
1,18,56
1,20,56
1,21,56
1,22,56
1,23,56
1,24,56
1,25,57
1,27,57
1,28,57
1,29,57
1,30,57
1,31,57
1,32,57
1,33,57
1,35,57
1,36,57
1,37,58
1,38,58
1,39,58
1,40,58
1,41,58
1,43,58
1,44,58
1,45,58
1,46,58
1,47,58
1,48,59
1,50,59
1,51,59
1,52,59
1,53,59
1,54,59
1,55,59
1,56,59
1,58,59
1,59,59
1,60,60
1,61,60
1,62,60
1,63,60
1,64,60
1,66,60
1,67,60
1,68,60
1,69,60
1,70,60
1,71,61
1,72,61
1,74,61
1,75,61
1,76,61
1,77,61
1,78,61
1,79,61
1,81,61
1,82,61
1,83,62
1,84,62
1,85,62
1,86,62
1,87,62
1,89,62
1,90,62
1,91,62
1,92,62
1,93,62
1,94,63
1,95,63
1,97,63
1,98,63
1,99,63
1,100,63
1,101,63
1,102,63
1,104,63
1,105,63
1,106,64
1,107,64
1,108,64
1,109,64
1,110,64
1,112,64
1,113,64
1,114,64
1,115,64
1,116,64
1,117,65
1,118,65
1,120,65
1,121,65
1,122,65
1,123,65
1,124,65
1,125,65
1,126,65
1,128,65
1,129,66
1,130,66
1,131,66
1,132,66
1,133,66
1,135,66
1,136,66
1,137,66
1,138,66
1,139,66
1,140,66
1,141,67
1,143,67
1,144,67
1,145,67
1,146,67
1,147,67
1,148,67
1,149,67
1,151,67
1,152,67
1,153,68
1,154,68
1,155,68
1,156,68
1,158,68
1,159,68
1,160,68
1,161,68
1,162,68
1,163,68
1,164,69
1,166,69
1,167,69
1,168,69
1,169,69
1,170,69
1,171,69
1,173,69
1,174,69
1,175,69
1,176,70
1,178,70
1,179,70
1,180,70
1,181,70
1,183,70
1,184,70
1,185,70
1,186,70
1,188,70
1,189,71
1,190,71
1,191,71
1,193,71
1,194,71
1,195,71
1,197,71
1,198,71
1,199,71
1,200,71
1,202,72
1,203,72
1,204,72
1,205,72
1,207,72
1,208,72
1,209,72
1,210,72
1,212,72
1,213,72
1,214,73
1,215,73
1,217,73
1,218,73
1,219,73
1,220,73
1,222,73
1,223,73
1,224,73
1,226,73
1,227,74
1,228,74
1,229,74
1,231,74
1,232,74
1,233,74
1,234,74
1,236,74
1,237,74
1,238,74
1,239,75
1,241,75
1,242,75
1,243,75
1,244,75
1,246,75
1,247,75
1,248,75
1,250,75
1,251,75
1,252,76
1,253,76
1,255,76
1,256,76
1,257,76
1,258,76
1,260,76
1,261,76
1,262,76
1,263,76
1,265,77
1,266,77
1,267,77
1,268,77
1,270,77
1,271,77
1,272,77
1,274,77
1,275,77
1,276,77
1,277,77
1,278,77
1,279,77
1,280,77
1,280,77
1,281,77
1,282,77
1,283,77
1,284,77
1,285,77
1,285,77
1,286,77
1,287,77
1,288,77
1,289,77
1,290,77
1,290,77
1,291,77
1,292,77
1,293,77
1,294,77
1,295,77
1,295,77
1,296,77
1,297,77
1,298,77
1,299,77
1,300,77
1,300,77
1,301,77
1,302,77
1,303,77
1,304,77
1,305,77
1,305,77
1,306,77
1,307,77
1,308,77
1,309,77
1,310,77
1,310,77
1,311,77
1,312,77
1,313,77
1,314,77
1,315,77
1,315,77
1,316,77
1,317,77
1,317,77
1,317,77
1,317,77
1,317,77
1,317,77
1,317,77
1,317,77
1,318,77
1,318,77
1,318,77
1,318,77
1,318,77
1,318,77
1,318,77
1,318,77
1,318,77
1,318,77
1,318,77
1,318,77
1,318,77
1,318,77
1,318,77
1,318,77
1,319,77
1,319,77
1,319,77
1,319,77
1,319,77
1,319,77
1,319,77
1,319,77
1,319,77
1,319,77
1,319,77
1,319,77
1,319,77
1,319,77
1,319,77
1,320,77
1,320,77
1,320,77
1,320,77
1,320,77
1,320,77
1,320,77
1,320,77
1,320,77
1,320,77
1,320,77
1,320,77
1,320,77
1,320,77
1,320,77
1,321,77
1,321,77
1,321,77
1,321,77
1,321,77
1,321,77
1,321,77
1,321,77
1,321,77
1,321,77
1,321,77
1,321,77
1,321,77
1,321,77
1,321,77
1,322,77
1,322,77
1,322,77
1,322,77
1,322,77
1,322,77
1,322,77
1,322,77
1,322,77
1,322,77
1,322,77
1,322,77
1,322,77
1,322,77
1,322,77
1,322,77
1,323,77
1,323,77
1,323,77
1,323,77
1,323,77
1,323,77
1,323,77
1,323,77
1,323,77
1,323,77
1,323,77
1,323,77
1,323,77
1,323,77
1,323,77
1,324,77
1,324,77
1,324,77
1,324,77
1,324,77
1,324,77
1,324,77
1,324,77
1,324,77
1,324,77
1,324,77
1,324,77
1,324,77
1,324,77
1,324,77
1,324,77
1,325,77
1,325,77
1,325,77
1,325,77
1,325,77
1,325,77
1,325,77
1,325,77
1,325,77
1,325,77
1,325,77
1,325,77
1,325,77
1,325,77
1,325,77
1,326,77
1,326,77
1,326,77
1,326,77
1,326,77
1,326,77
1,326,77
1,326,77
1,326,77
1,326,77
1,326,77
1,326,77
1,326,77
1,326,77
1,326,77
1,326,77
1,326,77
1,326,77
1,326,77
1,326,77
1,326,77
1,326,77
1,326,77
1,326,77
1,326,77
1,326,77
1,326,77
1,326,77
1,326,77
1,326,77
1,326,77
1,326,77
1,326,77
1,326,77
1,326,77
1,326,77
1,326,77
1,326,77
1,326,77
1,326,77
1,326,77
1,326,77
1,326,77
1,326,77
1,326,77
1,326,77
1,326,77
1,326,77
1,326,77
1,326,77
1,326,77
1,326,77
1,326,77
1,326,77
1,326,77
1,326,77
1,326,77
1,326,77
1,326,77
1,326,77
1,326,77
1,326,77
1,326,77
1,326,77
1,326,77
1,326,77
1,326,77
1,326,77
1,326,77
1,326,77
1,326,77
1,326,77
1,326,77
1,326,77
1,326,77
1,326,77
1,326,77
1,326,77
1,326,77
1,326,77
1,326,77
1,326,77
1,326,77
1,326,77
1,326,77
1,326,77
1,326,77
1,326,77
1,326,77
1,326,77
1,326,77
1,326,77
1,326,77
1,326,77
1,326,77
1,326,77
1,326,77
1,326,77
1,326,77
1,326,77
1,326,77
1,326,77
1,326,77
1,326,77
1,326,77
1,326,77
1,326,77
1,326,77
1,326,77
1,326,77
1,326,77
1,326,77
1,326,77
1,326,77
1,326,77
1,326,77
1,326,77
1,326,77
1,326,77
1,326,77
1,326,77
1,326,77
1,326,77
1,326,77
1,326,77
1,326,77
1,326,77
1,326,77
1,326,77
1,326,77
1,326,77
1,326,77
1,326,77
1,326,77
1,326,77
1,326,77
1,326,77
1,326,77
1,326,77
1,326,77
1,326,77
1,326,77
1,326,77
1,326,77
1,326,77
1,326,77
1,326,77
1,326,77
1,326,77
1,326,77
1,326,77
1,326,77
1,326,77
1,326,77
1,326,77
1,326,77
1,326,77
1,326,77
1,326,77
1,326,77
1,326,77
1,326,77
1,326,77
1,326,77
1,326,77
1,326,77
1,326,77
1,326,77
1,326,77
1,326,77
1,326,77
1,326,77
1,326,77
1,326,77
1,326,77
1,326,77
1,326,77
1,326,77
1,326,77
1,326,77
1,326,77
1,326,77
1,326,77
1,326,77
1,326,77
1,326,77
1,326,77
1,326,77
1,326,77
1,326,77
1,326,77
1,326,77
1,326,77
1,326,77
1,326,77
1,326,77
1,326,77
1,326,77
1,326,77
1,326,77
1,326,77
1,326,77
1,326,77
1,326,77
1,326,77
1,326,77
1,326,77
1,326,77
1,326,77
1,326,77
1,326,77
1,326,77
1,326,77
1,326,77
1,326,77
1,326,77
1,326,77
1,326,77
1,326,77
1,326,77
1,326,77
1,326,77
1,326,77
1,326,77
1,326,77
1,326,77
1,326,77
1,326,77
1,326,77
1,326,77
1,326,77
1,326,77
1,326,77
1,326,77
1,326,77
1,326,77
1,326,77
1,326,77
1,326,77
1,326,77
1,326,77
1,326,77
1,326,77
1,326,77
1,326,77
1,326,77
1,326,77
1,326,77
1,326,77
1,326,77
1,326,77
1,326,77
1,326,77
1,326,77
1,326,77
1,326,77
1,326,77
1,326,77
1,326,77
1,326,77
1,326,77
1,326,77
1,326,77
1,326,77
1,326,77
1,326,77
1,326,77
1,326,77
1,326,77
1,326,77
1,326,77
1,326,77
1,326,77
1,326,77
1,326,77
1,326,77
1,326,77
1,326,77
1,326,77
1,326,77
1,326,77
1,326,77
1,326,77
1,326,77
1,326,77
1,326,77
1,326,77
1,326,77
1,326,77
1,326,77
1,326,77
1,326,77
1,326,77
1,326,77
1,326,77
1,326,77
1,326,77
1,326,77
1,326,77
1,326,77
1,326,77
1,326,76
1,326,76
1,326,76
1,326,76
1,326,76
1,326,76
1,326,76
1,326,76
1,326,76
1,326,76
1,326,76
1,326,76
1,326,76
1,326,76
1,326,76
1,326,76
1,326,76
1,326,76
1,326,76
1,326,76
1,326,76
1,326,76
1,326,76
1,326,76
1,326,76
1,326,76
1,326,76
1,326,76
1,326,76
1,326,76
1,326,76
1,326,76
1,326,76
1,326,76
1,326,76
1,326,76
1,326,76
1,326,76
1,326,76
1,326,76
1,326,76
1,326,76
1,326,76
1,326,76
1,326,76
1,326,76
1,326,76
1,326,76
1,326,76
1,326,76
1,326,76
1,326,76
1,326,76
1,326,76
1,326,76
1,326,76
1,326,76
1,326,76
1,326,76
1,326,76
1,326,76
1,326,76
1,326,76
1,326,76
1,326,76
1,326,76
1,326,76
1,326,76
1,326,76
1,326,76
1,326,76
1,326,76
1,326,76
1,326,76
1,326,76
1,326,76
1,326,76
1,326,76
1,326,76
1,326,76
1,326,76
1,326,76
1,326,76
1,326,76
1,326,76
1,326,76
1,326,76
1,326,76
1,326,76
1,326,127
1,326,127
1,326,127
#MOTOR_P2
0,59,74
0,59,74
0,59,74
0,59,74
0,59,75
0,59,75
0,59,75
0,59,75
0,59,75
0,59,76
0,59,76
0,60,76
0,60,76
0,60,76
0,60,76
0,60,77
0,60,77
0,60,77
0,60,77
0,60,77
0,60,78
0,60,78
0,60,78
0,60,78
0,60,78
0,60,79
0,60,79
0,60,79
0,60,79
0,60,79
0,60,79
0,60,80
0,60,80
0,61,80
0,61,80
0,61,80
0,61,81
0,61,81
0,61,81
0,61,81
0,61,81
0,61,82
0,61,82
0,61,82
0,61,82
0,61,82
0,61,83
0,61,83
0,61,83
0,61,83
0,61,83
0,61,83
0,61,84
0,61,84
0,62,84
0,62,84
0,62,84
0,62,85
0,62,85
0,62,85
0,62,85
0,62,85
0,62,86
0,62,86
0,62,86
0,62,86
0,62,86
0,62,86
0,62,87
0,62,87
0,62,87
0,62,87
0,62,87
0,62,88
0,62,88
0,62,88
0,63,88
0,63,88
0,63,89
0,63,89
0,63,89
2,63,89
2,63,89
2,63,90
2,63,90
2,63,90
2,63,90
2,63,90
2,63,90
2,63,91
2,63,91
2,63,91
2,64,91
2,64,91
2,64,92
2,64,92
2,65,92
2,65,92
2,65,92
2,65,93
2,65,93
2,65,93
2,65,93
2,66,93
2,66,93
2,66,94
2,66,94
2,66,94
2,66,94
2,66,94
2,66,95
2,67,95
2,67,95
2,67,95
2,67,95
2,67,96
2,67,96
2,67,96
2,68,96
2,68,96
2,68,97
2,68,97
2,68,97
2,68,97
2,68,97
2,69,97
2,69,98
2,69,98
2,69,98
2,69,98
2,69,98
2,69,99
2,69,99
2,70,99
2,70,99
2,70,99
2,70,100
2,70,100
2,70,100
2,70,100
2,71,100
2,71,100
2,71,101
2,71,101
2,71,101
2,71,101
2,71,101
2,72,102
2,72,102
2,72,102
2,72,102
2,72,102
2,72,103
2,72,103
2,73,103
2,73,103
2,73,103
2,73,104
2,73,104
2,73,104
2,73,104
2,73,104
2,74,104
2,74,105
2,74,105
2,74,105
2,74,105
2,74,105
2,74,106
2,75,106
2,75,106
2,75,106
2,75,106
2,75,107
2,75,107
2,75,107
2,76,107
2,76,107
2,76,108
2,76,108
2,76,108
2,76,108
2,76,108
2,77,108
2,77,109
2,77,109
2,77,109
2,77,109
2,77,109
2,77,110
2,77,110
2,78,110
2,78,110
2,78,110
2,78,111
2,78,111
2,78,111
2,78,111
2,79,111
2,79,111
2,79,112
2,79,112
2,79,112
2,79,112
2,79,112
2,80,113
2,80,113
2,80,113
2,80,113
2,80,113
2,80,114
2,80,114
2,80,114
2,81,114
2,81,114
2,81,115
2,81,115
2,81,115
2,81,115
2,81,115
2,82,115
2,82,116
2,82,116
2,82,116
2,82,116
2,82,116
2,82,117
2,83,117
2,83,117
2,83,117
2,83,117
2,83,118
2,83,118
2,83,118
2,84,118
2,84,118
2,84,118
2,84,119
2,84,119
2,84,119
2,84,119
2,84,119
2,85,120
2,85,120
2,85,120
2,85,120
2,85,120
2,85,121
2,85,121
2,86,121
2,86,121
2,86,121
2,86,122
2,86,122
2,86,122
2,86,122
2,87,122
2,87,122
2,87,123
2,87,123
2,87,123
2,87,123
2,87,123
2,88,124
2,88,124
2,88,124
2,88,124
2,88,124
2,88,125
2,88,125
2,88,125
2,89,125
2,89,125
2,89,125
2,89,126
2,89,126
2,89,126
2,89,126
2,90,126
2,90,127
2,90,127
2,90,127
2,90,127
2,90,127
2,90,127
2,91,127
2,91,127
2,91,127
2,91,127
2,91,127
2,91,127
2,91,127
2,91,127
2,92,127
2,92,127
2,92,127
2,92,127
2,92,127
2,92,127
2,92,127
2,93,127
2,93,127
2,93,127
2,93,127
2,93,127
2,93,127
2,93,127
2,94,127
2,94,127
2,94,127
2,94,127
2,94,127
2,94,127
2,94,127
2,95,127
2,95,127
2,95,127
2,95,127
2,95,127
2,95,127
2,95,127
2,95,127
2,96,127
2,96,127
2,96,127
2,96,127
2,96,127
2,96,127
2,96,127
2,97,127
2,97,127
2,97,127
2,97,127
2,97,127
2,97,127
2,97,127
2,98,127
2,98,127
2,98,127
2,98,127
2,98,127
2,98,127
2,98,127
2,99,127
2,99,127
2,99,127
2,99,127
2,99,127
2,99,127
2,99,127
2,99,127
2,100,127
2,100,127
2,100,127
2,100,127
2,100,127
2,100,127
2,100,127
2,101,127
2,101,127
2,101,127
2,101,127
2,101,127
2,101,127
2,102,127
2,102,127
2,102,127
2,102,127
2,102,127
2,102,127
2,103,127
2,103,127
2,103,127
2,103,127
2,103,127
2,103,127
2,104,127
2,104,127
2,104,127
2,104,127
2,104,127
2,104,127
2,105,127
2,105,127
2,105,127
2,105,127
2,105,127
2,105,127
2,106,127
2,106,127
2,106,127
2,106,127
2,106,127
2,106,127
2,106,127
2,107,127
2,107,127
2,107,127
2,107,127
2,107,127
2,107,127
2,108,127
2,108,127
2,108,127
2,108,127
2,108,127
2,108,127
2,109,127
2,109,127
2,109,127
2,109,127
2,109,127
2,109,127
2,110,127
2,110,127
2,110,127
2,110,127
2,110,127
2,110,127
2,111,127
2,111,127
2,111,127
2,111,127
2,111,127
2,111,127
2,112,127
2,112,127
2,112,127
2,112,127
2,112,127
2,112,127
2,112,127
2,113,127
2,113,127
2,113,127
2,113,127
2,113,127
2,113,127
2,114,127
2,114,127
2,114,127
2,114,127
2,114,127
2,114,127
2,115,127
2,115,127
2,115,127
2,115,127
2,115,127
2,115,127
2,116,127
2,116,127
2,116,127
2,116,127
2,116,127
2,116,127
2,117,127
2,117,127
2,117,127
2,117,127
2,117,127
2,117,127
2,118,127
2,118,127
2,118,127
2,118,127
2,118,127
2,118,127
2,118,127
2,119,127
2,119,127
2,119,127
2,119,127
2,119,127
2,119,127
2,120,127
2,120,127
2,120,127
2,120,127
2,120,127
2,120,127
2,121,127
2,121,127
2,121,127
2,121,127
2,121,127
2,121,127
2,122,127
2,122,127
2,122,127
2,122,127
2,122,127
2,122,127
2,123,127
2,123,127
2,123,127
2,123,127
2,123,127
2,123,127
2,123,127
2,124,127
2,124,127
2,124,127
2,124,127
2,124,127
2,124,127
2,125,127
2,125,127
2,125,127
2,125,127
2,125,127
2,125,127
2,126,127
2,126,127
2,126,127
2,126,127
2,126,127
2,126,127
2,127,127
2,127,127
2,127,127
2,127,127
2,127,127
2,127,127
2,128,127
2,128,127
2,128,127
2,128,127
2,128,127
2,128,127
2,129,127
2,129,127
2,129,127
2,129,127
2,129,127
2,129,127
2,129,127
2,130,127
2,130,127
2,130,127
2,130,127
2,130,127
2,130,127
2,131,127
2,131,127
2,131,127
2,131,127
2,131,127
2,131,127
2,132,127
2,132,127
2,132,127
2,132,127
2,132,127
2,132,127
2,133,127
2,133,127
2,133,127
2,133,127
2,133,127
2,133,127
2,134,127
2,134,127
2,134,127
2,135,127
2,135,127
2,135,127
2,135,127
2,136,127
2,136,127
2,136,127
2,136,127
2,136,127
2,136,127
2,136,127
2,137,127
2,137,127
2,137,127
2,137,127
2,137,127
2,137,127
2,137,127
2,137,127
2,138,127
2,138,127
2,138,127
2,138,127
2,138,127
2,138,127
2,138,127
2,139,127
2,139,127
2,139,127
2,139,127
2,139,127
2,139,127
2,139,127
2,140,127
2,140,127
2,140,127
2,140,127
2,140,127
2,140,127
2,140,127
2,140,127
2,141,127
2,141,127
2,141,127
2,141,127
2,141,127
2,141,127
2,141,127
2,142,127
2,142,127
2,142,127
2,142,127
2,142,127
2,142,127
2,142,127
2,143,127
2,143,127
2,143,127
2,143,127
2,143,127
2,143,127
2,143,127
2,144,127
2,144,127
2,144,127
2,144,127
2,144,127
2,144,127
2,144,127
2,144,127
2,145,127
2,145,127
2,145,127
2,145,127
2,145,127
2,145,127
2,145,127
2,146,127
2,146,127
2,146,127
2,146,127
2,146,127
2,146,127
2,146,127
2,147,127
2,147,127
2,147,127
2,147,127
2,147,127
2,147,127
2,147,127
2,147,127
2,148,127
2,148,127
2,148,127
2,148,127
2,148,127
2,148,127
2,148,127
2,149,127
2,149,127
2,149,127
2,149,127
2,149,127
2,149,127
2,149,127
2,150,127
2,150,127
2,150,127
2,150,127
2,150,127
2,150,127
2,150,127
2,150,127
2,151,127
2,151,127
2,151,127
2,151,127
2,151,127
2,151,127
2,151,127
2,152,127
2,152,127
2,152,127
2,152,127
2,152,127
2,152,127
2,152,127
2,153,127
2,153,127
2,153,127
2,153,127
2,153,127
2,153,127
2,153,127
2,154,127
2,154,127
2,154,127
2,154,127
2,154,127
2,154,127
2,154,127
2,154,127
2,155,127
2,155,127
2,155,127
2,155,127
2,155,127
2,155,127
2,155,127
2,156,127
2,156,127
2,156,127
2,156,127
2,156,127
2,156,127
2,156,127
2,157,127
2,157,127
2,157,127
2,157,127
2,157,127
2,157,127
2,157,127
2,157,127
2,158,127
2,158,127
2,158,127
2,158,127
2,158,127
2,158,127
2,158,127
2,159,127
2,159,127
2,159,127
-1,159,127
-1,159,127
-1,159,127
-1,159,127
-1,160,127
-1,160,127
-1,160,127
-1,160,127
-1,160,127
-1,160,127
-1,160,127
-1,161,127
-1,161,127
-1,161,127
-1,161,127
-1,161,127
-1,161,127
-1,161,127
-1,161,127
-1,162,127
-1,162,127
-1,162,127
-1,162,127
-1,162,127
-1,162,127
-1,162,127
-1,163,127
-1,163,127
-1,163,127
-1,163,127
-1,163,127
-1,163,127
-1,163,127
-1,164,127
-1,164,127
-1,164,127
-1,164,127
-1,164,127
-1,164,127
-1,164,127
-1,164,127
-1,165,127
-1,165,127
-1,165,127
-1,165,127
-1,165,127
-1,165,127
-1,165,127
-1,166,127
-1,166,127
-1,166,127
-1,166,127
-1,71,127
-1,71,127
-1,71,127
-1,71,127
-1,100,127
-1,100,127
-1,100,127
-1,100,127
-1,100,127
#MOTOR_B1
1,10,54
1,10,54
1,10,55
1,10,55
1,10,55
1,12,55
1,13,56
1,14,56
1,15,56
1,16,57
1,17,57
1,18,57
1,20,57
1,21,58
1,22,58
1,23,58
1,24,59
1,25,59
1,27,59
1,28,59
1,29,60
1,30,60
1,31,60
1,32,61
1,33,61
1,35,61
1,36,61
1,37,62
1,38,62
1,39,62
1,40,63
1,41,63
1,43,63
1,44,63
1,45,64
1,46,64
1,47,64
1,48,65
1,50,65
1,51,65
1,52,65
1,53,66
1,54,66
1,55,66
1,56,67
1,58,67
1,59,67
1,60,67
1,61,68
1,62,68
1,63,68
1,64,69
1,66,69
1,67,69
1,68,69
1,69,70
1,70,70
1,71,70
1,72,71
1,74,71
1,75,71
1,76,71
1,77,72
1,78,72
1,79,72
1,81,73
1,82,73
1,83,73
1,84,73
1,85,74
1,86,74
1,87,74
1,89,75
1,90,75
1,91,75
1,92,75
1,93,76
1,94,76
1,95,76
1,97,77
1,98,77
1,99,77
1,100,77
1,101,78
1,102,78
1,104,78
1,105,79
1,106,79
1,107,79
1,108,79
1,109,80
1,110,80
1,112,80
1,113,81
1,114,81
1,115,81
1,116,81
1,117,82
1,118,82
1,120,82
1,121,83
1,122,83
1,123,83
1,124,83
1,125,84
1,126,84
1,128,84
1,129,85
1,130,85
1,131,85
1,132,85
1,133,86
1,135,86
1,136,86
1,137,87
1,138,87
1,139,87
1,140,87
1,141,88
1,143,88
1,144,88
1,145,89
1,146,89
1,147,89
1,148,89
1,149,90
1,151,90
1,152,90
1,153,91
1,154,91
1,155,91
1,156,91
1,158,92
1,159,92
1,160,92
1,161,93
1,162,93
1,163,93
1,164,93
1,166,94
1,167,94
1,168,94
1,169,94
1,170,95
1,171,95
1,173,95
1,174,96
1,175,96
1,176,96
1,178,96
1,179,97
1,180,97
1,181,97
1,183,98
1,184,98
1,185,98
1,186,98
1,188,99
1,189,99
1,190,99
1,191,100
1,193,100
1,194,100
1,195,100
1,197,101
1,198,101
1,199,101
1,200,102
1,202,102
1,203,102
1,204,102
1,205,103
1,207,103
1,208,103
1,209,104
1,210,104
1,212,104
1,213,104
1,214,105
1,215,105
1,217,105
1,218,106
1,219,106
1,220,106
1,222,106
1,223,107
1,224,107
1,226,107
1,227,108
1,228,108
1,229,108
1,231,108
1,232,109
1,233,109
1,234,109
1,236,110
1,237,110
1,238,110
1,239,110
1,241,111
1,242,111
1,243,111
1,244,112
1,246,112
1,247,112
1,248,112
1,250,113
1,251,113
1,252,113
1,253,114
1,255,114
1,256,114
1,257,114
1,258,115
1,260,115
1,261,115
1,262,116
1,263,116
1,265,116
1,266,116
1,267,117
1,268,117
1,270,117
1,271,118
1,272,118
1,274,118
1,275,118
1,276,119
1,277,119
1,278,119
1,279,120
1,280,120
1,280,120
1,281,120
1,282,121
1,283,121
1,284,121
1,285,122
1,285,122
1,286,122
1,287,122
1,288,123
1,289,123
1,290,123
1,290,124
1,291,124
1,292,124
1,293,124
1,294,125
1,295,125
1,295,125
1,296,126
1,297,126
1,298,126
1,299,126
1,300,127
1,300,127
1,301,127
1,302,127
1,303,127
1,304,127
1,305,127
1,305,127
1,306,127
1,307,127
1,308,127
1,309,127
1,310,127
1,310,127
1,311,127
1,312,127
1,313,127
1,314,127
1,315,127
1,315,127
1,316,127
1,317,127
1,317,127
1,317,127
1,317,127
1,317,127
1,317,127
1,317,127
1,317,127
1,318,127
1,318,127
1,318,127
1,318,127
1,318,127
1,318,127
1,318,127
1,318,127
1,318,127
1,318,127
1,318,127
1,318,127
1,318,127
1,318,127
1,318,127
1,318,127
1,319,127
1,319,127
1,319,127
1,319,127
1,319,127
1,319,127
1,319,127
1,319,127
1,319,127
1,319,127
1,319,127
1,319,127
1,319,127
1,319,127
1,319,127
1,320,127
1,320,127
1,320,127
1,320,127
1,320,127
1,320,127
1,320,127
1,320,127
1,320,127
1,320,127
1,320,127
1,320,127
1,320,127
1,320,127
1,320,127
1,321,127
1,321,127
1,321,127
1,321,127
1,321,127
1,321,127
1,321,127
1,321,127
1,321,127
1,321,127
1,321,127
1,321,127
1,321,127
1,321,127
1,321,127
1,322,127
1,322,127
1,322,127
1,322,127
1,322,127
1,322,127
1,322,127
1,322,127
1,322,127
1,322,127
1,322,127
1,322,127
1,322,127
1,322,127
1,322,127
1,322,127
1,323,127
1,323,127
1,323,127
1,323,127
1,323,127
1,323,127
1,323,127
1,323,127
1,323,127
1,323,127
1,323,127
1,323,127
1,323,127
1,323,127
1,323,127
1,324,127
1,324,127
1,324,127
1,324,127
1,324,127
1,324,127
1,324,127
1,324,127
1,324,127
1,324,127
1,324,127
1,324,127
1,324,127
1,324,127
1,324,127
1,324,127
1,325,127
1,325,127
1,325,127
1,325,127
1,325,127
1,325,127
1,325,127
1,325,127
1,325,127
1,325,127
1,325,127
1,325,127
1,325,127
1,325,127
1,325,127
1,326,127
1,326,127
1,326,127
1,326,127
1,326,127
1,326,127
1,326,127
1,326,127
1,326,127
1,326,127
1,326,127
1,326,127
1,326,127
1,326,127
1,326,127
1,326,127
1,326,127
1,326,127
1,326,127
1,326,127
1,326,127
1,326,127
1,326,127
1,326,127
1,326,127
1,326,127
1,326,127
1,326,127
1,326,127
1,326,127
1,326,127
1,326,127
1,326,127
1,326,127
1,326,127
1,326,127
1,326,127
1,326,127
1,326,127
1,326,127
1,326,127
1,326,127
1,326,127
1,326,127
1,326,127
1,326,127
1,326,127
1,326,127
1,326,127
1,326,127
1,326,127
1,326,127
1,326,127
1,326,127
1,326,127
1,326,127
1,326,127
1,326,127
1,326,127
1,326,127
1,326,127
1,326,127
1,326,127
1,326,127
1,326,127
1,326,127
1,326,127
1,326,127
1,326,127
1,326,127
1,326,127
1,326,127
1,326,127
1,326,127
1,326,127
1,326,127
1,326,127
1,326,127
1,326,127
1,326,127
1,326,127
1,326,127
1,326,127
1,326,127
1,326,127
1,326,127
1,326,127
1,326,127
1,326,127
1,326,127
1,326,127
1,326,127
1,326,127
1,326,127
1,326,127
1,326,127
1,326,127
1,326,127
1,326,127
1,326,127
1,326,127
1,326,127
1,326,127
1,326,127
1,326,127
1,326,127
1,326,127
1,326,127
1,326,127
1,326,127
1,326,127
1,326,127
1,326,127
1,326,127
1,326,127
1,326,127
1,326,127
1,326,127
1,326,127
1,326,127
1,326,127
1,326,127
1,326,127
1,326,127
1,326,127
1,326,127
1,326,127
1,326,127
1,326,127
1,326,127
1,326,127
1,326,127
1,326,127
1,326,127
1,326,127
1,326,127
1,326,127
1,326,127
1,326,127
1,326,127
1,326,127
1,326,127
1,326,127
1,326,127
1,326,127
1,326,127
1,326,127
1,326,127
1,326,127
1,326,127
1,326,127
1,326,127
1,326,127
1,326,127
1,326,127
1,326,127
1,326,127
1,326,127
1,326,127
1,326,127
1,326,127
1,326,127
1,326,127
1,326,127
1,326,127
1,326,127
1,326,127
1,326,127
1,326,127
1,326,127
1,326,127
1,326,127
1,326,127
1,326,127
1,326,127
1,326,127
1,326,127
1,326,127
1,326,127
1,326,127
1,326,127
1,326,127
1,326,127
1,326,127
1,326,127
1,326,127
1,326,127
1,326,127
1,326,127
1,326,127
1,326,127
1,326,127
1,326,127
1,326,127
1,326,127
1,326,127
1,326,127
1,326,127
1,326,127
1,326,127
1,326,127
1,326,127
1,326,127
1,326,127
1,326,127
1,326,127
1,326,127
1,326,127
1,326,127
1,326,127
1,326,127
1,326,127
1,326,127
1,326,127
1,326,127
1,326,127
1,326,127
1,326,127
1,326,127
1,326,127
1,326,127
1,326,127
1,326,127
1,326,127
1,326,127
1,326,127
1,326,127
1,326,127
1,326,127
1,326,127
1,326,127
1,326,127
1,326,127
1,326,127
1,326,127
1,326,127
1,326,127
1,326,127
1,326,127
1,326,127
1,326,127
1,326,127
1,326,127
1,326,127
1,326,127
1,326,127
1,326,127
1,326,127
1,326,127
1,326,127
1,326,127
1,326,127
1,326,127
1,326,127
1,326,127
1,326,127
1,326,127
1,326,127
1,326,127
1,326,127
1,326,127
1,326,127
1,326,127
1,326,127
1,326,127
1,326,127
1,326,127
1,326,127
1,326,127
1,326,127
1,326,127
1,326,127
1,326,127
1,326,127
1,326,127
1,326,127
1,326,127
1,326,127
1,326,127
1,326,127
1,326,127
1,326,127
1,326,127
1,326,127
1,326,127
1,326,127
1,326,127
1,326,127
1,326,127
1,326,127
1,326,127
1,326,127
1,326,127
1,326,127
1,326,127
1,326,127
1,326,127
1,326,127
1,326,127
1,326,127
1,326,127
1,326,127
1,326,127
1,326,127
1,326,127
1,326,127
1,326,127
1,326,127
1,326,127
1,326,127
1,326,127
1,326,127
1,326,127
1,326,127
1,326,127
1,326,127
1,326,127
1,326,127
1,326,127
1,326,127
1,326,127
1,326,127
1,326,127
1,326,127
1,326,127
1,326,127
1,326,127
1,326,127
1,326,127
1,326,127
1,326,127
1,326,127
1,326,127
1,326,127
1,326,127
1,326,127
1,326,127
1,326,127
1,326,127
1,326,127
1,326,127
1,326,127
1,326,127
1,326,127
1,326,127
1,326,127
1,326,127
1,326,127
1,326,127
1,326,127
1,326,127
1,326,127
1,326,127
1,326,127
1,326,127
1,326,127
1,326,127
1,326,127
1,326,127
1,326,127
1,326,127
1,326,127
1,326,127
1,326,127
1,326,127
1,326,127
1,326,127
1,326,127
1,326,127
1,326,127
1,326,127
1,326,127
1,326,127
1,326,127
1,326,127
1,326,127
1,326,127
1,326,127
1,326,127
1,326,127
1,326,127
1,326,127
1,326,127
1,326,127
1,326,127
1,326,127
1,326,127
1,326,127
1,326,127
1,326,76
1,326,127
1,325,77
1,325,77
#MOTOR_B2
0,59,74
0,59,74
0,59,74
0,59,74
0,59,75
0,59,75
0,59,75
0,59,75
0,59,75
0,59,76
0,59,76
0,60,76
0,60,76
0,60,76
0,60,76
0,60,77
0,60,77
0,60,77
0,60,77
0,60,77
0,60,78
0,60,78
0,60,78
0,60,78
0,60,78
0,60,79
0,60,79
0,60,79
0,60,79
0,60,79
0,60,79
0,60,80
0,60,80
0,61,80
0,61,80
0,61,80
0,61,81
0,61,81
0,61,81
0,61,81
0,61,81
0,61,82
0,61,82
0,61,82
0,61,82
0,61,82
0,61,83
0,61,83
0,61,83
0,61,83
0,61,83
0,61,83
0,61,84
0,61,84
0,62,84
0,62,84
0,62,84
0,62,85
0,62,85
0,62,85
0,62,85
0,62,85
0,62,86
0,62,86
0,62,86
0,62,86
0,62,86
0,62,86
0,62,87
0,62,87
0,62,87
0,62,87
0,62,87
0,62,88
0,62,88
0,62,88
0,63,88
0,63,88
0,63,89
0,63,89
0,63,89
2,63,89
2,63,89
2,63,90
2,63,90
2,63,90
2,63,90
2,63,90
2,63,90
2,63,91
2,63,91
2,63,91
2,64,91
2,64,91
2,64,92
2,64,92
2,65,92
2,65,92
2,65,92
2,65,93
2,65,93
2,65,93
2,65,93
2,66,93
2,66,93
2,66,94
2,66,94
2,66,94
2,66,94
2,66,94
2,66,95
2,67,95
2,67,95
2,67,95
2,67,95
2,67,96
2,67,96
2,67,96
2,68,96
2,68,96
2,68,97
2,68,97
2,68,97
2,68,97
2,68,97
2,69,97
2,69,98
2,69,98
2,69,98
2,69,98
2,69,98
2,69,99
2,69,99
2,70,99
2,70,99
2,70,99
2,70,100
2,70,100
2,70,100
2,70,100
2,71,100
2,71,100
2,71,101
2,71,101
2,71,101
2,71,101
2,71,101
2,72,102
2,72,102
2,72,102
2,72,102
2,72,102
2,72,103
2,72,103
2,73,103
2,73,103
2,73,103
2,73,104
2,73,104
2,73,104
2,73,104
2,73,104
2,74,104
2,74,105
2,74,105
2,74,105
2,74,105
2,74,105
2,74,106
2,75,106
2,75,106
2,75,106
2,75,106
2,75,107
2,75,107
2,75,107
2,76,107
2,76,107
2,76,108
2,76,108
2,76,108
2,76,108
2,76,108
2,77,108
2,77,109
2,77,109
2,77,109
2,77,109
2,77,109
2,77,110
2,77,110
2,78,110
2,78,110
2,78,110
2,78,111
2,78,111
2,78,111
2,78,111
2,79,111
2,79,111
2,79,112
2,79,112
2,79,112
2,79,112
2,79,112
2,80,113
2,80,113
2,80,113
2,80,113
2,80,113
2,80,114
2,80,114
2,80,114
2,81,114
2,81,114
2,81,115
2,81,115
2,81,115
2,81,115
2,81,115
2,82,115
2,82,116
2,82,116
2,82,116
2,82,116
2,82,116
2,82,117
2,83,117
2,83,117
2,83,117
2,83,117
2,83,118
2,83,118
2,83,118
2,84,118
2,84,118
2,84,118
2,84,119
2,84,119
2,84,119
2,84,119
2,84,119
2,85,120
2,85,120
2,85,120
2,85,120
2,85,120
2,85,121
2,85,121
2,86,121
2,86,121
2,86,121
2,86,122
2,86,122
2,86,122
2,86,122
2,87,122
2,87,122
2,87,123
2,87,123
2,87,123
2,87,123
2,87,123
2,88,124
2,88,124
2,88,124
2,88,124
2,88,124
2,88,125
2,88,125
2,88,125
2,89,125
2,89,125
2,89,125
2,89,126
2,89,126
2,89,126
2,89,126
2,90,126
2,90,127
2,90,127
2,90,127
2,90,127
2,90,127
2,90,127
2,91,127
2,91,127
2,91,127
2,91,127
2,91,127
2,91,127
2,91,127
2,91,127
2,92,127
2,92,127
2,92,127
2,92,127
2,92,127
2,92,127
2,92,127
2,93,127
2,93,127
2,93,127
2,93,127
2,93,127
2,93,127
2,93,127
2,94,127
2,94,127
2,94,127
2,94,127
2,94,127
2,94,127
2,94,127
2,95,127
2,95,127
2,95,127
2,95,127
2,95,127
2,95,127
2,95,127
2,95,127
2,96,127
2,96,127
2,96,127
2,96,127
2,96,127
2,96,127
2,96,127
2,97,127
2,97,127
2,97,127
2,97,127
2,97,127
2,97,127
2,97,127
2,98,127
2,98,127
2,98,127
2,98,127
2,98,127
2,98,127
2,98,127
2,99,127
2,99,127
2,99,127
2,99,127
2,99,127
2,99,127
2,99,127
2,99,127
2,100,127
2,100,127
2,100,127
2,100,127
2,100,127
2,100,127
2,100,127
2,101,127
2,101,127
2,101,127
2,101,127
2,101,127
2,101,127
2,102,127
2,102,127
2,102,127
2,102,127
2,102,127
2,102,127
2,103,127
2,103,127
2,103,127
2,103,127
2,103,127
2,103,127
2,104,127
2,104,127
2,104,127
2,104,127
2,104,127
2,104,127
2,105,127
2,105,127
2,105,127
2,105,127
2,105,127
2,105,127
2,106,127
2,106,127
2,106,127
2,106,127
2,106,127
2,106,127
2,106,127
2,107,127
2,107,127
2,107,127
2,107,127
2,107,127
2,107,127
2,108,127
2,108,127
2,108,127
2,108,127
2,108,127
2,108,127
2,109,127
2,109,127
2,109,127
2,109,127
2,109,127
2,109,127
2,110,127
2,110,127
2,110,127
2,110,127
2,110,127
2,110,127
2,111,127
2,111,127
2,111,127
2,111,127
2,111,127
2,111,127
2,112,127
2,112,127
2,112,127
2,112,127
2,112,127
2,112,127
2,112,127
2,113,127
2,113,127
2,113,127
2,113,127
2,113,127
2,113,127
2,114,127
2,114,127
2,114,127
2,114,127
2,114,127
2,114,127
2,115,127
2,115,127
2,115,127
2,115,127
2,115,127
2,115,127
2,116,127
2,116,127
2,116,127
2,116,127
2,116,127
2,116,127
2,117,127
2,117,127
2,117,127
2,117,127
2,117,127
2,117,127
2,118,127
2,118,127
2,118,127
2,118,127
2,118,127
2,118,127
2,118,127
2,119,127
2,119,127
2,119,127
2,119,127
2,119,127
2,119,127
2,120,127
2,120,127
2,120,127
2,120,127
2,120,127
2,120,127
2,121,127
2,121,127
2,121,127
2,121,127
2,121,127
2,121,127
2,122,127
2,122,127
2,122,127
2,122,127
2,122,127
2,122,127
2,123,127
2,123,127
2,123,127
2,123,127
2,123,127
2,123,127
2,123,127
2,124,127
2,124,127
2,124,127
2,124,127
2,124,127
2,124,127
2,125,127
2,125,127
2,125,127
2,125,127
2,125,127
2,125,127
2,126,127
2,126,127
2,126,127
2,126,127
2,126,127
2,126,127
2,127,127
2,127,127
2,127,127
2,127,127
2,127,127
2,127,127
2,128,127
2,128,127
2,128,127
2,128,127
2,128,127
2,128,127
2,129,127
2,129,127
2,129,127
2,129,127
2,129,127
2,129,127
2,129,127
2,130,127
2,130,127
2,130,127
2,130,127
2,130,127
2,130,127
2,131,127
2,131,127
2,131,127
2,131,127
2,131,127
2,131,127
2,132,127
2,132,127
2,132,127
2,132,127
2,132,127
2,132,127
2,133,127
2,133,127
2,133,127
2,133,127
2,133,127
2,133,127
2,134,127
2,134,127
2,134,127
2,135,127
2,135,127
2,135,127
2,135,127
2,136,127
2,136,127
2,136,127
2,136,127
2,136,127
2,136,127
2,136,127
2,137,127
2,137,127
2,137,127
2,137,127
2,137,127
2,137,127
2,137,127
2,137,127
2,138,127
2,138,127
2,138,127
2,138,127
2,138,127
2,138,127
2,138,127
2,139,127
2,139,127
2,139,127
2,139,127
2,139,127
2,139,127
2,139,127
2,140,127
2,140,127
2,140,127
2,140,127
2,140,127
2,140,127
2,140,127
2,140,127
2,141,127
2,141,127
2,141,127
2,141,127
2,141,127
2,141,127
2,141,127
2,142,127
2,142,127
2,142,127
2,142,127
2,142,127
2,142,127
2,142,127
2,143,127
2,143,127
2,143,127
2,143,127
2,143,127
2,143,127
2,143,127
2,144,127
2,144,127
2,144,127
2,144,127
2,144,127
2,144,127
2,144,127
2,144,127
2,145,127
2,145,127
2,145,127
2,145,127
2,145,127
2,145,127
2,145,127
2,146,127
2,146,127
2,146,127
2,146,127
2,146,127
2,146,127
2,146,127
2,147,127
2,147,127
2,147,127
2,147,127
2,147,127
2,147,127
2,147,127
2,147,127
2,148,127
2,148,127
2,148,127
2,148,127
2,148,127
2,148,127
2,148,127
2,149,127
2,149,127
2,149,127
2,149,127
2,149,127
2,149,127
2,149,127
2,150,127
2,150,127
2,150,127
2,150,127
2,150,127
2,150,127
2,150,127
2,150,127
2,151,127
2,151,127
2,151,127
2,151,127
2,151,127
2,151,127
2,151,127
2,152,127
2,152,127
2,152,127
2,152,127
2,152,127
2,152,127
2,152,127
2,153,127
2,153,127
2,153,127
2,153,127
2,153,127
2,153,127
2,153,127
2,154,127
2,154,127
2,154,127
2,154,127
2,154,127
2,154,127
2,154,127
2,154,127
2,155,127
2,155,127
2,155,127
2,155,127
2,155,127
2,155,127
2,155,127
2,156,127
2,156,127
2,156,127
2,156,127
2,156,127
2,156,127
2,156,127
2,157,127
2,157,127
2,157,127
2,157,127
2,157,127
2,157,127
2,157,127
2,157,127
2,158,127
2,158,127
2,158,127
2,158,127
2,158,127
2,158,127
2,158,127
2,159,127
2,159,127
2,159,127
-1,159,127
-1,159,127
-1,159,127
-1,159,127
-1,160,127
-1,160,127
-1,160,127
-1,160,127
-1,160,127
-1,160,127
-1,160,127
-1,161,127
-1,161,127
-1,161,127
-1,161,127
-1,161,127
-1,161,127
-1,161,127
-1,161,127
-1,162,127
-1,162,127
-1,162,127
-1,162,127
-1,162,127
-1,162,127
-1,162,127
-1,163,127
-1,163,127
-1,163,127
-1,163,127
-1,163,127
-1,163,127
-1,163,127
-1,164,127
-1,164,127
-1,164,127
-1,164,127
-1,164,127
-1,164,127
-1,164,127
-1,164,127
-1,165,127
-1,165,127
-1,165,127
-1,165,127
-1,165,127
-1,165,127
-1,165,127
-1,166,127
-1,166,127
-1,166,127
-1,166,127
-1,71,127
-1,71,127
-1,71,127
-1,71,127
-1,100,127
-1,100,127
-1,100,127
1,326,127
1,147,110
#
