OPENBVE
#CAR
+082.6
+00001
+050.0
+4
+23.00
+00001
#CAB
-00300
+03300
-11000
#DEVICE
+00000
+00000
+00000
+00000
+00000
+00003
+00000
+00001
+00002
+00002
#HANDLE
+00000
+00005
+00005
+00000
#BRAKE
+00002
+00000
+09999
#PRESSURE
+00392
+00470
+00620
+00780
#DECELERATION
+04.00
#ACCELERATION
+00.33,+00.67,1,018,4
+00.67,+01.33,2,036,4
+01.00,+02.00,3,054,4
+01.33,+02.67,4,072,4
+01.67,+03.33,5,090,4
#MOTOR_P1
0,20,127
0,20,127
0,21,127
0,21,127
0,22,127
0,22,127
0,23,127
0,23,127
0,24,127
0,24,127
0,25,127
0,25,127
0,26,127
0,26,127
0,26,127
0,27,127
0,27,127
0,28,127
0,28,127
0,29,127
0,29,127
0,30,127
0,30,127
0,31,127
0,31,127
0,32,127
0,32,127
0,32,127
0,33,127
0,33,127
0,34,127
0,34,127
0,35,127
0,35,127
0,36,127
0,36,127
0,37,127
0,37,127
0,37,127
0,38,127
0,38,127
0,39,127
0,39,127
0,40,127
0,40,127
0,41,127
0,41,127
0,42,127
0,42,127
0,43,127
0,43,127
0,43,127
0,44,127
0,44,127
0,45,127
0,45,127
0,46,127
0,46,127
0,47,127
0,47,127
0,48,127
0,48,127
0,49,127
0,49,127
0,49,127
0,50,127
0,50,127
0,51,127
0,51,127
0,52,127
0,52,127
0,53,127
0,53,127
0,54,127
0,54,127
0,55,127
0,55,127
0,55,127
0,56,127
0,56,127
0,57,127
0,57,127
0,58,127
0,58,127
0,59,127
0,59,127
0,60,127
0,60,127
0,60,127
0,61,127
0,61,127
0,62,127
0,62,127
0,63,127
0,63,127
0,64,127
0,64,127
0,65,127
0,65,127
0,66,127
0,66,127
0,66,127
0,67,127
0,67,127
0,68,127
0,68,127
0,69,127
0,69,127
0,70,127
0,70,127
0,71,127
0,71,127
0,72,127
0,72,127
0,72,127
0,73,127
0,73,127
0,74,127
0,74,127
0,75,127
0,75,127
0,76,127
0,76,127
0,77,127
0,77,127
0,77,127
0,78,127
0,78,127
0,79,127
0,79,127
0,80,127
0,80,127
0,81,127
0,81,127
0,82,127
0,82,127
0,83,127
0,83,127
0,83,127
0,84,127
0,84,127
0,85,127
0,85,127
0,86,127
0,86,127
0,87,127
0,87,127
0,88,127
0,88,127
0,89,127
0,89,127
0,89,127
0,90,127
0,90,127
0,91,127
0,91,127
0,92,127
0,92,127
0,93,127
0,93,127
0,94,127
0,94,127
0,95,127
0,95,127
0,95,127
0,96,127
0,96,127
0,97,127
0,97,127
0,98,127
0,98,127
0,99,127
0,99,127
0,100,127
0,100,127
0,101,127
0,101,127
0,101,127
0,102,127
0,102,127
0,103,127
0,103,127
0,104,127
0,104,127
0,105,127
0,105,127
0,106,127
0,106,127
0,106,127
0,107,127
0,107,127
0,108,127
0,108,127
0,109,127
0,109,127
0,110,127
0,110,127
0,111,127
0,111,127
0,112,127
0,112,127
0,112,127
0,113,127
0,113,127
0,114,127
0,114,127
0,115,127
0,115,127
0,116,127
0,116,127
0,117,127
0,117,127
0,118,127
0,118,127
0,118,127
0,119,127
0,119,127
0,120,127
0,120,127
0,121,127
0,121,127
0,122,127
0,122,127
0,123,127
0,123,127
0,123,127
0,124,127
0,124,127
0,125,127
0,125,127
0,125,127
0,126,127
0,126,127
0,126,127
0,127,127
0,127,127
0,127,127
0,128,127
0,128,127
0,128,127
0,129,127
0,129,127
0,129,127
0,130,127
0,130,127
0,130,127
0,131,127
0,131,127
0,131,127
0,132,127
0,132,127
0,132,127
0,133,127
0,133,127
0,133,127
0,134,127
0,134,127
0,134,127
0,135,127
0,135,127
0,135,127
0,136,127
0,136,127
0,136,127
0,137,127
0,137,127
0,137,127
0,138,127
0,138,127
0,138,127
0,139,127
0,139,127
0,139,127
0,140,127
0,140,127
0,140,127
0,141,127
0,141,127
0,141,127
0,142,127
0,142,127
0,142,127
0,143,127
0,143,127
0,143,127
0,144,127
0,144,127
0,144,127
0,145,127
0,145,127
0,145,127
0,146,127
0,146,127
0,146,127
0,147,127
0,147,127
0,147,127
0,148,127
0,148,127
0,148,127
0,149,127
0,149,127
0,149,127
0,150,127
0,150,127
0,150,127
0,150,127
0,151,127
0,151,127
0,151,127
0,152,127
0,152,127
0,152,127
0,153,127
0,153,127
0,153,127
0,154,127
0,154,127
0,154,127
0,155,127
0,155,127
0,155,127
0,156,127
0,156,127
0,156,127
0,157,127
0,157,127
0,157,127
0,158,127
0,158,127
0,158,127
0,159,127
0,159,127
0,159,127
0,160,127
0,160,127
0,160,127
0,161,127
0,161,127
0,161,127
0,162,127
0,162,127
0,162,127
0,163,127
0,163,127
0,163,127
0,164,127
0,164,127
0,164,127
0,165,127
0,165,127
0,165,127
0,166,127
0,166,127
0,166,127
0,167,127
0,167,127
0,167,127
0,168,127
0,168,127
0,168,127
0,169,127
0,169,127
0,169,127
0,170,127
0,170,127
0,170,127
0,171,127
0,171,127
0,171,127
0,172,127
0,172,127
0,172,127
0,173,127
0,173,127
0,173,127
0,174,127
0,174,127
0,174,127
0,175,127
0,175,127
0,175,127
0,176,127
0,176,127
0,176,127
0,177,127
0,177,127
0,177,127
0,178,126
0,178,126
0,178,126
0,179,126
0,179,126
0,179,126
0,180,126
0,180,126
0,180,126
0,181,126
0,181,125
0,181,125
0,182,125
0,182,125
0,182,125
0,183,125
0,183,125
0,183,125
0,183,125
0,184,125
0,184,124
0,184,124
0,185,124
0,185,124
0,185,124
0,186,124
0,186,124
0,186,124
0,187,124
0,187,124
0,187,123
0,188,123
0,188,123
0,188,123
0,189,123
0,189,123
0,189,123
0,190,123
0,190,123
0,190,122
0,191,122
0,191,122
0,191,122
0,192,122
0,192,122
0,192,122
0,193,122
0,193,122
0,193,122
0,194,121
0,194,121
0,194,121
0,195,121
0,195,121
0,195,121
0,196,121
0,196,121
0,196,121
0,197,121
0,197,120
0,197,120
0,198,120
0,198,120
0,198,120
0,199,120
0,199,120
0,199,120
0,200,120
0,200,120
0,200,119
0,200,119
0,200,119
0,201,119
0,201,119
0,201,119
0,201,119
0,201,119
0,201,119
0,201,119
0,202,118
0,202,118
0,202,118
0,202,118
0,202,118
0,202,118
0,202,118
0,203,118
0,203,118
0,203,117
0,203,117
0,203,117
0,203,117
0,203,117
0,203,117
0,204,117
0,204,117
0,204,117
0,204,117
0,204,116
0,204,116
0,204,116
0,205,116
0,205,116
0,205,116
0,205,116
0,205,116
0,205,116
0,205,116
0,206,115
0,206,115
0,206,115
0,206,115
0,206,115
0,206,115
0,206,115
0,207,115
0,207,115
0,207,115
0,207,114
0,207,114
0,207,114
0,207,114
0,208,114
0,208,114
0,208,114
0,208,114
0,208,114
0,208,113
0,208,113
0,209,113
0,209,113
0,209,113
0,209,113
0,209,113
0,209,113
0,209,113
0,210,113
0,210,112
0,210,112
0,210,112
0,210,112
0,210,112
0,210,112
0,210,112
0,211,112
0,211,112
0,211,112
0,211,111
0,211,111
0,211,111
0,211,111
0,212,111
0,212,111
0,212,111
0,212,111
0,212,111
0,212,111
0,212,110
0,213,110
0,213,110
0,213,110
0,213,110
0,213,110
0,213,110
0,213,110
0,214,110
0,214,109
0,214,109
0,214,109
0,214,109
0,214,109
0,214,109
0,215,109
0,215,109
0,215,109
0,215,109
0,215,108
0,215,108
0,215,108
0,216,108
0,216,108
0,216,108
0,216,108
0,216,108
0,216,108
0,216,108
0,217,107
0,217,107
0,217,107
0,217,107
0,217,107
0,217,107
0,217,107
0,217,107
0,218,107
0,218,107
0,218,106
0,218,106
0,218,106
0,218,106
0,218,106
0,219,106
0,219,106
0,219,106
0,219,106
0,219,105
0,219,105
0,219,105
0,220,105
0,220,105
0,220,105
0,220,105
0,220,105
0,220,105
0,220,105
0,221,104
0,221,104
0,221,104
0,221,104
0,221,104
0,221,104
0,221,104
0,222,104
0,222,104
0,222,104
0,222,103
0,222,103
0,222,103
0,222,103
0,223,103
0,223,103
0,223,103
0,223,103
0,223,103
0,223,103
0,223,102
0,224,102
0,224,102
0,224,102
0,224,102
0,224,102
0,224,102
0,224,102
0,224,102
0,225,102
0,225,101
0,225,101
0,225,101
0,225,101
0,225,101
0,225,101
0,226,101
0,226,101
0,226,101
0,226,100
0,226,100
0,226,100
0,226,100
0,227,100
0,227,100
0,227,100
0,227,100
0,227,100
0,227,100
0,227,99
0,228,99
0,228,99
0,228,99
0,228,99
0,228,99
0,228,99
0,228,99
0,229,99
0,229,99
0,229,98
0,229,98
0,229,98
0,229,98
0,229,98
0,230,98
0,230,98
0,230,98
0,230,98
0,230,98
0,230,97
0,230,97
0,231,97
0,231,97
0,231,97
0,231,97
0,231,97
0,231,96
0,231,96
0,231,96
0,232,96
0,232,96
0,232,96
0,232,96
0,232,95
0,232,95
0,232,95
0,233,95
0,233,95
0,233,95
0,233,95
0,233,94
0,233,94
0,233,94
0,234,94
0,234,94
0,234,94
0,234,93
0,234,93
0,234,93
0,234,93
0,235,93
0,235,93
0,235,93
0,235,92
0,235,92
0,235,92
0,235,92
0,236,92
0,236,92
0,236,92
0,236,91
0,236,91
0,236,91
0,236,91
0,237,91
0,237,91
0,237,91
0,237,90
0,237,90
0,237,90
0,237,90
0,238,90
0,238,90
0,238,90
0,238,89
0,238,89
0,238,89
0,238,89
0,238,89
0,239,89
0,239,89
0,239,88
0,239,88
0,239,88
0,239,88
0,239,88
0,240,88
0,240,87
0,240,87
0,240,87
0,240,87
0,240,87
0,240,87
0,241,87
0,241,86
0,241,86
0,241,86
0,241,86
0,241,86
0,241,86
0,242,86
0,242,85
0,242,85
0,242,85
0,242,85
0,242,85
0,242,85
0,243,85
0,243,84
0,243,84
0,243,84
0,243,84
0,243,84
0,243,84
0,244,84
0,244,83
0,244,83
0,244,83
0,244,83
0,244,83
0,244,83
0,245,83
0,245,82
0,245,82
0,245,82
0,245,82
0,245,82
0,245,82
0,245,81
0,246,81
0,246,81
0,246,81
0,246,81
0,246,81
0,246,81
0,246,80
0,247,80
0,247,80
0,247,80
0,247,80
0,247,80
0,247,80
0,247,79
0,248,79
0,248,79
0,248,79
0,248,107
#MOTOR_P2
-1,100,109
-1,100,109
-1,100,109
-1,100,109
-1,100,109
-1,100,109
-1,100,109
-1,100,109
-1,100,109
-1,100,109
-1,100,109
-1,100,109
-1,100,109
-1,100,109
-1,100,109
-1,100,109
-1,100,109
-1,100,109
-1,100,109
-1,100,109
-1,100,109
-1,100,109
-1,100,109
-1,100,109
-1,100,109
-1,100,109
-1,100,109
-1,100,109
-1,100,109
-1,100,109
-1,100,109
-1,100,109
-1,100,109
-1,100,109
-1,100,109
-1,100,109
-1,100,109
-1,100,109
-1,100,109
-1,100,109
-1,100,109
-1,100,109
-1,100,109
-1,100,109
-1,100,109
-1,100,109
-1,100,109
-1,100,109
-1,100,109
-1,100,109
-1,100,109
-1,100,109
-1,100,109
-1,100,109
-1,100,109
-1,100,109
-1,100,109
-1,100,109
-1,100,109
-1,100,109
-1,100,109
-1,100,109
-1,100,109
-1,100,109
-1,100,109
-1,100,109
-1,100,109
-1,100,109
-1,100,109
-1,100,109
-1,100,109
-1,100,109
-1,100,109
-1,100,109
-1,100,109
-1,100,109
-1,100,109
-1,100,109
-1,100,109
-1,100,109
-1,100,109
-1,100,109
-1,100,109
-1,100,109
-1,100,109
-1,100,109
-1,100,109
-1,100,109
-1,100,109
-1,100,109
-1,100,109
-1,100,109
-1,100,109
-1,100,109
-1,100,109
-1,100,109
-1,100,109
-1,100,109
-1,100,109
-1,100,109
-1,100,109
-1,100,109
-1,100,109
-1,100,109
-1,100,109
-1,100,109
-1,100,109
-1,100,109
-1,100,109
-1,100,109
-1,100,109
-1,100,109
-1,100,109
-1,100,109
-1,100,109
-1,100,109
-1,100,109
-1,100,109
-1,100,109
-1,100,109
-1,100,109
-1,100,109
-1,100,109
-1,100,109
-1,100,109
-1,100,109
-1,100,109
-1,100,109
-1,100,109
-1,100,109
-1,100,109
-1,100,109
-1,100,109
-1,100,109
-1,100,109
-1,100,109
-1,100,109
-1,100,109
-1,100,109
-1,100,109
-1,100,109
-1,100,109
-1,100,109
-1,100,109
-1,100,109
-1,100,109
-1,100,109
-1,100,109
-1,100,109
-1,100,109
-1,100,109
-1,100,109
-1,100,109
-1,100,109
-1,100,109
-1,100,109
-1,100,109
-1,100,109
-1,100,109
-1,100,109
-1,100,109
-1,100,109
-1,100,109
-1,100,109
-1,100,109
-1,100,109
-1,100,109
-1,100,109
-1,100,109
-1,100,109
-1,100,109
-1,100,109
-1,100,109
-1,100,109
-1,100,109
-1,100,109
-1,100,109
-1,100,109
-1,100,109
-1,100,109
-1,100,109
-1,100,109
-1,100,109
-1,100,109
-1,100,109
-1,100,109
-1,100,109
-1,100,109
-1,100,109
-1,100,109
-1,100,109
-1,100,109
-1,100,109
-1,100,109
-1,100,109
-1,100,109
-1,100,109
-1,100,109
-1,100,109
-1,100,109
-1,100,109
-1,100,109
-1,100,109
-1,100,109
-1,100,109
-1,100,109
-1,100,109
-1,100,109
-1,100,109
-1,100,109
-1,100,109
-1,100,109
-1,100,109
-1,100,109
-1,100,109
-1,100,109
-1,100,109
-1,100,109
-1,100,109
-1,100,109
-1,100,109
-1,100,109
-1,100,109
-1,100,109
-1,100,109
-1,100,109
-1,100,109
-1,100,109
-1,100,109
-1,100,109
-1,100,109
-1,100,109
-1,100,109
-1,100,109
-1,100,109
-1,100,109
-1,100,109
-1,100,109
-1,100,109
-1,100,109
-1,100,109
-1,100,109
-1,100,109
-1,100,109
-1,100,109
-1,100,109
-1,100,109
-1,100,109
-1,100,109
-1,100,109
-1,100,109
-1,100,109
-1,100,109
-1,100,109
-1,100,109
-1,100,109
-1,100,109
-1,100,109
-1,100,109
-1,100,109
-1,100,109
-1,100,109
-1,100,109
-1,100,109
-1,100,109
-1,100,109
-1,100,109
-1,100,109
-1,100,109
-1,100,109
-1,100,109
-1,100,109
-1,100,109
-1,100,109
-1,100,109
-1,100,109
-1,100,109
-1,100,109
-1,100,109
-1,100,109
-1,100,109
-1,100,109
-1,100,109
-1,100,109
-1,100,109
-1,100,109
-1,100,109
-1,100,109
-1,100,109
-1,100,109
-1,100,109
-1,100,109
-1,100,109
-1,100,109
-1,100,109
-1,100,109
-1,100,109
-1,100,109
-1,100,109
-1,100,109
-1,100,109
-1,100,109
-1,100,109
-1,100,109
-1,100,109
-1,100,109
-1,100,109
-1,100,109
-1,100,109
-1,100,109
-1,100,109
-1,100,109
-1,100,109
-1,100,109
-1,100,109
-1,100,109
-1,100,109
-1,100,109
-1,100,109
-1,100,109
-1,100,109
-1,100,109
-1,100,109
-1,100,109
-1,100,109
-1,100,109
-1,100,109
-1,100,109
-1,100,109
-1,100,109
-1,100,109
-1,100,109
-1,100,109
-1,100,109
-1,100,109
-1,100,109
-1,100,109
-1,100,109
-1,100,109
-1,100,109
-1,100,109
-1,100,109
-1,100,109
-1,100,109
-1,100,109
-1,100,109
-1,100,109
-1,100,109
-1,100,109
-1,100,109
-1,100,109
-1,100,109
-1,100,109
-1,100,109
-1,100,109
-1,100,109
-1,100,109
-1,100,109
-1,100,109
-1,100,109
-1,100,109
-1,100,109
-1,100,109
-1,100,109
-1,100,109
-1,100,109
-1,100,109
-1,100,109
-1,100,109
-1,100,109
-1,100,109
-1,100,109
-1,100,109
-1,100,109
-1,100,109
-1,100,109
-1,100,109
-1,100,109
-1,100,109
-1,100,109
-1,100,109
-1,100,109
-1,100,109
-1,100,109
-1,100,109
-1,100,109
-1,100,109
-1,100,109
-1,100,109
-1,100,109
-1,100,109
-1,100,109
-1,100,109
-1,100,109
-1,100,109
-1,100,109
-1,100,109
-1,100,109
-1,100,109
-1,100,109
-1,100,109
-1,100,109
-1,100,109
-1,100,109
-1,100,109
-1,100,109
-1,100,109
-1,100,109
-1,100,109
-1,100,109
-1,100,109
-1,100,109
-1,100,109
-1,100,109
-1,100,109
-1,100,109
-1,100,109
-1,100,109
-1,100,109
-1,100,109
-1,100,109
-1,100,109
-1,100,109
-1,100,109
-1,100,109
-1,100,109
-1,100,109
-1,100,109
-1,100,109
-1,100,109
-1,100,109
-1,100,109
-1,100,109
-1,100,109
-1,100,109
-1,100,109
-1,100,109
-1,100,109
-1,100,109
-1,100,109
-1,100,109
-1,100,109
-1,100,109
-1,100,109
-1,100,109
-1,100,109
-1,100,109
-1,100,109
-1,100,109
-1,100,109
-1,100,109
-1,100,109
-1,100,109
-1,100,109
-1,100,109
-1,100,109
-1,100,109
-1,100,109
-1,100,109
-1,100,109
-1,100,109
-1,100,109
-1,100,109
-1,100,109
-1,100,109
-1,100,109
-1,100,109
-1,100,109
-1,100,109
-1,100,109
-1,100,109
-1,100,109
-1,100,109
-1,100,109
-1,100,109
-1,100,109
-1,100,109
-1,100,109
-1,100,109
-1,100,109
-1,100,109
-1,100,109
-1,100,109
-1,100,109
-1,100,109
-1,100,109
-1,100,109
-1,100,109
-1,100,109
-1,100,109
-1,100,109
-1,100,109
-1,100,109
-1,100,109
-1,100,109
-1,100,109
-1,100,109
-1,100,109
-1,100,109
-1,100,109
-1,100,109
-1,100,109
-1,100,109
-1,100,109
-1,100,109
-1,100,109
-1,100,109
-1,100,109
-1,100,109
-1,100,109
-1,100,109
-1,100,109
-1,100,109
-1,100,109
-1,100,109
-1,100,109
-1,100,109
-1,100,109
-1,100,109
-1,100,109
-1,100,109
-1,100,109
-1,100,109
-1,100,109
-1,100,109
-1,100,109
-1,100,109
-1,100,109
-1,100,109
-1,100,109
-1,100,109
-1,100,109
-1,100,109
-1,100,109
-1,100,109
-1,100,109
-1,100,109
-1,100,109
-1,100,109
-1,100,109
-1,100,109
-1,100,109
-1,100,109
-1,100,109
-1,100,109
-1,100,109
-1,100,109
-1,100,109
-1,100,109
-1,100,109
-1,100,109
-1,100,109
-1,100,109
-1,100,109
-1,100,109
-1,100,109
-1,100,109
-1,100,109
-1,100,109
-1,100,109
-1,100,109
-1,100,109
-1,100,109
-1,100,109
-1,100,109
-1,100,109
-1,100,109
-1,100,109
-1,100,109
-1,100,109
-1,100,109
-1,100,109
-1,100,109
-1,100,109
-1,100,109
-1,100,109
-1,100,109
-1,100,109
-1,100,109
-1,100,109
-1,100,109
-1,100,109
-1,100,109
-1,100,109
-1,100,109
-1,100,109
-1,100,109
-1,100,109
-1,100,109
-1,100,109
-1,100,109
-1,100,109
-1,100,109
-1,100,109
-1,100,109
-1,100,109
-1,100,109
-1,100,109
-1,100,109
-1,100,109
-1,100,109
-1,100,109
-1,100,109
-1,100,109
-1,100,109
-1,100,109
-1,100,109
-1,100,109
-1,100,109
-1,100,109
-1,100,109
-1,100,109
-1,100,109
-1,100,109
-1,100,109
-1,100,109
-1,100,109
-1,100,109
-1,100,109
-1,100,109
-1,100,109
-1,100,109
-1,100,109
-1,100,109
-1,100,109
-1,100,109
-1,100,109
-1,100,109
-1,100,109
-1,100,109
-1,100,109
-1,100,109
-1,100,109
-1,100,109
-1,100,109
-1,100,109
-1,100,109
-1,100,109
-1,100,109
-1,100,109
-1,100,109
-1,100,109
-1,100,109
-1,100,109
-1,100,109
-1,100,109
-1,100,109
-1,100,109
-1,100,109
-1,100,109
-1,100,109
-1,100,109
-1,100,109
-1,100,109
-1,100,109
-1,100,109
-1,100,109
-1,100,109
-1,100,109
-1,100,109
-1,100,109
-1,100,109
-1,100,109
-1,100,109
-1,100,109
-1,100,109
-1,100,109
-1,100,109
-1,100,109
-1,100,109
-1,100,109
-1,100,109
-1,100,109
-1,100,109
-1,100,109
-1,100,109
-1,100,109
-1,100,109
-1,100,109
-1,100,109
-1,100,109
-1,100,109
-1,100,109
-1,100,109
-1,100,109
-1,100,109
-1,100,109
-1,100,109
-1,100,109
-1,100,109
-1,100,109
-1,100,109
-1,100,109
-1,100,109
-1,100,109
-1,100,109
-1,100,109
-1,100,109
-1,100,109
-1,100,109
-1,100,109
-1,100,109
-1,100,109
-1,100,109
-1,100,109
-1,100,109
-1,100,109
-1,100,109
-1,100,109
-1,100,109
-1,100,109
-1,100,109
-1,100,109
-1,100,109
-1,100,109
-1,100,109
-1,100,109
-1,100,109
-1,100,109
-1,100,109
-1,100,109
-1,100,109
-1,100,109
-1,100,109
-1,100,109
-1,100,109
-1,100,109
-1,100,109
-1,100,109
-1,100,109
-1,100,109
-1,100,109
-1,100,109
-1,100,109
-1,100,109
-1,100,109
-1,100,109
-1,100,109
-1,100,109
-1,100,109
-1,100,109
-1,100,109
-1,100,109
-1,100,109
-1,100,109
-1,100,109
-1,100,109
-1,100,109
-1,100,109
-1,100,109
-1,100,109
-1,100,109
-1,100,109
-1,100,109
-1,100,109
-1,100,109
-1,100,109
-1,100,109
-1,100,109
-1,100,109
-1,100,109
-1,100,109
-1,100,109
-1,100,109
-1,100,109
-1,100,109
-1,100,109
-1,100,109
-1,100,109
-1,100,109
-1,100,109
-1,100,109
-1,100,109
-1,100,109
-1,100,109
-1,100,109
-1,100,109
-1,100,109
-1,100,109
-1,100,109
-1,100,109
-1,100,109
-1,100,109
-1,100,109
-1,100,109
-1,100,109
-1,100,109
-1,100,109
-1,100,109
-1,100,109
-1,100,109
-1,100,109
-1,100,109
-1,100,109
-1,100,109
-1,100,109
-1,100,109
-1,100,109
-1,100,109
-1,100,109
#MOTOR_B1
1,84,115
1,84,115
1,84,115
1,84,115
1,84,115
1,84,115
1,84,115
1,84,115
1,84,115
1,85,115
1,85,115
1,85,115
1,85,115
1,85,115
1,85,115
1,85,115
1,85,115
1,85,115
1,85,115
1,85,115
1,85,115
1,85,115
1,85,115
1,85,115
1,85,115
1,85,115
1,86,115
1,86,115
1,86,115
1,86,115
1,86,115
1,86,115
1,86,115
1,86,115
1,86,115
1,86,115
1,86,115
1,86,115
1,86,115
1,86,115
1,86,115
1,86,115
1,86,115
1,87,115
1,87,115
1,87,115
1,87,115
1,87,115
1,87,115
1,87,115
1,87,115
1,87,115
1,87,115
1,87,115
1,87,115
1,87,115
1,87,115
1,87,115
1,87,115
1,87,115
1,88,115
1,88,115
1,88,115
1,88,115
1,88,115
1,88,115
1,88,115
1,88,115
1,88,115
1,88,115
1,88,115
1,88,115
1,88,115
1,88,115
1,88,115
1,88,115
1,88,115
1,89,115
1,89,115
1,89,115
1,89,115
1,89,115
1,89,115
1,89,115
1,89,115
1,89,115
1,89,115
1,89,115
1,89,115
1,89,115
1,89,115
1,89,115
1,89,115
1,89,115
1,90,115
1,90,115
1,90,115
1,90,115
1,90,115
1,90,115
1,90,115
1,90,115
1,90,115
1,90,115
1,90,115
1,90,115
1,90,115
1,90,115
1,90,115
1,90,115
1,90,115
1,90,115
1,91,115
1,91,115
1,91,115
1,91,115
1,91,115
1,91,115
1,91,115
1,91,115
1,91,115
1,91,115
1,91,115
1,91,115
1,91,115
1,91,115
1,91,115
1,91,115
1,91,115
1,92,115
1,92,115
1,92,115
1,92,115
1,92,115
1,92,115
1,92,115
1,92,115
1,92,115
1,92,115
1,92,115
1,92,115
1,92,115
1,92,115
1,92,115
1,92,115
1,92,115
1,93,115
1,93,115
1,93,115
1,93,115
1,93,115
1,93,115
1,93,115
1,93,115
1,93,115
1,93,115
1,93,115
1,93,115
1,93,115
1,93,115
1,93,115
1,93,115
1,93,115
1,94,115
1,94,115
1,94,115
1,94,115
1,94,115
1,94,115
1,94,115
1,94,115
1,94,115
1,94,115
1,94,115
1,94,115
1,94,115
1,94,115
1,94,115
1,94,115
1,94,115
1,95,115
1,95,115
1,95,115
1,95,115
1,95,115
1,95,115
1,95,115
1,95,115
1,95,115
1,95,115
1,95,115
1,95,115
1,95,115
1,95,115
1,95,115
1,95,115
1,95,115
1,96,115
1,96,115
1,96,115
1,96,115
1,96,115
1,96,115
1,96,115
1,96,115
1,96,115
1,96,115
1,96,115
1,96,115
1,96,115
1,96,115
1,96,115
1,96,115
1,96,115
1,97,115
1,97,115
1,97,115
1,97,115
1,97,115
1,97,115
1,97,115
1,97,115
1,97,115
1,97,115
1,97,115
1,97,115
1,97,115
1,97,115
1,97,115
1,97,115
1,97,115
1,98,115
1,98,115
1,98,115
1,98,115
1,98,115
1,98,115
1,98,115
1,98,115
1,98,115
1,98,115
1,98,115
1,98,115
1,98,115
1,98,115
1,98,115
1,98,115
1,98,115
1,99,115
1,99,115
1,99,115
1,99,115
1,99,115
1,99,115
1,99,115
1,99,115
1,99,115
1,99,115
1,99,115
1,99,115
1,99,115
1,99,115
1,99,115
1,99,115
1,99,115
1,100,115
1,100,115
1,100,115
1,100,115
1,100,115
1,100,115
1,100,115
1,100,115
1,100,115
1,100,115
1,100,115
1,100,115
1,100,115
1,100,115
1,100,115
1,100,115
1,100,115
1,100,115
1,101,115
1,101,115
1,101,115
1,101,115
1,101,115
1,101,115
1,101,115
1,101,115
1,101,115
1,101,115
1,101,115
1,101,115
1,101,115
1,101,115
1,101,115
1,101,115
1,101,115
1,102,115
1,102,115
1,102,115
1,102,115
1,102,115
1,102,115
1,102,115
1,102,115
1,102,115
1,102,115
1,102,115
1,102,115
1,102,115
1,102,115
1,102,115
1,102,115
1,102,115
1,103,115
1,103,115
1,103,115
1,103,115
1,103,115
1,103,115
1,103,115
1,103,115
1,103,115
1,103,115
1,103,115
1,103,115
1,103,115
1,103,115
1,103,115
1,103,115
1,103,115
1,104,115
1,104,115
1,104,115
1,104,115
1,104,115
1,104,115
1,104,115
1,104,115
1,104,115
1,104,115
1,104,115
1,104,115
1,104,115
1,104,115
1,104,115
1,104,115
1,104,115
1,105,115
1,105,115
1,105,115
1,105,115
1,105,115
1,105,115
1,105,115
1,105,115
1,105,115
1,105,115
1,105,115
1,105,115
1,105,115
1,105,115
1,105,115
1,105,115
1,105,115
1,106,115
1,106,115
1,106,115
1,106,115
1,106,115
1,106,115
1,106,115
1,106,115
1,106,115
1,106,115
1,106,115
1,106,115
1,106,115
1,106,115
1,106,115
1,106,115
1,106,115
1,106,115
1,107,115
1,107,115
1,107,115
1,107,115
1,107,115
1,107,115
1,107,115
1,107,115
1,107,115
1,107,115
1,107,115
1,107,115
1,107,115
1,107,115
1,107,115
1,107,115
1,107,115
1,107,115
1,107,115
1,107,115
1,107,115
1,107,115
1,108,115
1,108,115
1,108,115
1,108,115
1,108,115
1,108,115
1,108,115
1,108,115
1,108,115
1,108,115
1,108,115
1,108,115
1,108,115
1,108,115
1,108,115
1,108,115
1,108,115
1,108,115
1,108,115
1,108,115
1,108,115
1,109,115
1,109,115
1,109,115
1,109,115
1,109,115
1,109,115
1,109,115
1,109,115
1,109,115
1,109,115
1,109,115
1,109,115
1,109,115
1,109,115
1,109,115
1,109,115
1,109,115
1,109,115
1,109,115
1,109,115
1,109,115
1,109,115
1,110,115
1,110,115
1,110,115
1,110,115
1,110,115
1,110,115
1,110,115
1,110,115
1,110,115
1,110,115
1,110,115
1,110,115
1,110,115
1,110,115
1,110,115
1,110,115
1,110,115
1,110,115
1,110,115
1,110,115
1,110,115
1,111,115
1,111,115
1,111,115
1,111,115
1,111,115
1,111,115
1,111,115
1,111,115
1,111,115
1,111,115
1,111,115
1,111,115
1,111,115
1,111,115
1,111,115
1,111,115
1,111,115
1,111,115
1,111,115
1,111,115
1,111,115
1,111,115
1,112,115
1,112,115
1,112,115
1,112,115
1,112,115
1,112,115
1,112,115
1,112,115
1,112,115
1,112,115
1,112,115
1,112,115
1,112,115
1,112,115
1,112,115
1,112,115
1,112,115
1,112,115
1,112,115
1,112,115
1,112,115
1,113,115
1,113,115
1,113,115
1,113,115
1,113,115
1,113,115
1,113,115
1,113,115
1,113,115
1,113,115
1,113,115
1,113,115
1,113,115
1,113,115
1,113,115
1,113,115
1,113,115
1,113,115
1,113,115
1,113,115
1,113,115
1,113,115
1,114,115
1,114,115
1,114,115
1,114,115
1,114,115
1,114,115
1,114,115
1,114,115
1,114,115
1,114,115
1,114,115
1,114,115
1,114,115
1,114,115
1,114,115
1,114,115
1,114,115
1,114,115
1,114,115
1,114,115
1,114,115
1,115,115
1,115,115
1,115,115
1,115,115
1,115,115
1,115,115
1,115,115
1,115,115
1,115,115
1,115,115
1,115,115
1,115,115
1,115,115
1,115,115
1,115,115
1,115,115
1,115,115
1,115,115
1,115,115
1,115,115
1,115,115
1,116,115
1,116,115
1,116,115
1,116,115
1,116,115
1,116,115
1,116,115
1,116,115
1,116,115
1,116,115
1,116,115
1,116,115
1,116,115
1,116,115
1,116,115
1,116,115
1,116,115
1,116,115
1,116,115
1,116,115
1,116,115
1,116,115
1,117,115
1,117,115
1,117,115
1,117,115
1,117,115
1,117,115
1,117,115
1,117,115
1,117,115
1,117,115
1,117,115
1,117,115
1,117,115
1,117,115
1,117,115
1,117,115
1,117,115
1,117,115
1,117,115
1,117,115
1,117,115
1,118,115
1,118,115
1,118,115
1,118,115
1,118,115
1,118,115
1,118,115
1,118,115
1,118,115
1,118,115
1,118,115
1,118,115
1,118,115
1,118,115
1,118,115
1,118,115
1,118,115
1,118,115
1,118,115
1,118,115
1,118,115
1,118,115
1,119,115
1,119,115
1,119,115
1,119,115
1,119,115
1,119,115
1,119,115
1,119,115
1,119,115
1,119,115
1,119,115
1,119,115
1,119,115
1,119,115
1,119,115
1,119,115
1,119,115
1,119,115
1,119,115
1,119,115
1,119,115
1,120,115
1,120,115
1,120,115
1,120,115
1,120,115
1,120,115
1,120,115
1,120,115
1,120,115
1,120,115
1,120,115
1,120,115
1,120,115
1,120,115
1,120,115
1,120,115
1,120,115
1,120,115
1,120,115
1,120,115
1,120,115
1,120,115
1,121,115
1,121,115
1,121,115
1,121,115
1,121,115
1,121,115
1,121,115
1,121,115
1,121,115
1,121,115
1,121,115
1,121,115
1,121,115
1,121,115
1,121,115
1,121,115
1,121,115
1,121,115
1,121,115
1,121,115
1,121,115
1,122,115
1,122,115
1,122,115
1,122,115
1,122,115
1,122,115
1,122,115
1,122,115
1,122,115
1,122,115
1,122,115
1,122,115
1,122,115
1,122,115
1,122,115
1,122,115
1,122,115
1,122,115
1,122,115
1,122,115
1,122,115
1,122,115
1,123,115
1,123,115
1,123,115
1,123,115
1,123,115
1,123,115
1,123,115
1,123,115
1,123,115
1,122,115
1,122,115
1,122,115
1,122,115
1,122,115
1,122,115
1,122,115
1,122,115
1,122,115
1,122,115
1,123,115
1,123,115
1,123,115
1,123,115
1,123,115
1,124,115
1,124,115
1,124,115
1,124,115
1,124,115
1,124,115
1,124,115
1,124,115
1,124,115
1,124,115
1,124,115
1,124,115
1,124,115
1,124,115
1,124,115
1,124,115
1,124,115
1,124,115
1,124,115
1,125,115
1,125,115
1,125,115
1,125,115
1,125,115
1,125,115
1,125,115
1,125,115
1,125,115
1,125,115
1,125,115
1,125,115
1,125,115
1,125,115
1,125,115
1,125,115
1,125,115
1,126,115
1,126,115
1,126,115
1,126,115
1,126,115
1,126,115
1,126,115
1,126,115
1,126,115
1,126,115
#MOTOR_B2
-1,100,0
-1,100,0
-1,100,0
-1,100,0
-1,100,0
-1,100,0
-1,100,0
-1,100,0
-1,100,0
-1,100,0
-1,100,0
-1,100,0
-1,100,0
-1,100,0
-1,100,0
-1,100,0
-1,100,0
-1,100,0
-1,100,0
-1,100,0
-1,100,0
-1,100,0
-1,100,0
-1,100,0
-1,100,0
-1,100,0
-1,100,0
-1,100,0
-1,100,0
-1,100,0
-1,100,0
-1,100,0
-1,100,0
-1,100,0
-1,100,0
-1,100,0
-1,100,0
-1,100,0
-1,100,0
-1,100,0
-1,100,0
-1,100,0
-1,100,0
-1,100,0
-1,100,0
-1,100,0
-1,100,0
-1,100,0
-1,100,0
-1,100,0
-1,100,0
-1,100,0
-1,100,0
-1,100,0
-1,100,0
-1,100,0
-1,100,0
-1,100,0
-1,100,0
-1,100,0
-1,100,0
-1,100,0
-1,100,0
-1,100,0
-1,100,0
-1,100,0
-1,100,0
-1,100,0
-1,100,0
-1,100,0
-1,100,0
-1,100,0
-1,100,0
-1,100,0
-1,100,0
-1,100,0
-1,100,0
-1,100,0
-1,100,0
-1,100,0
-1,100,0
-1,100,0
-1,100,0
-1,100,0
-1,100,0
-1,100,0
-1,100,0
-1,100,0
-1,100,0
-1,100,0
-1,100,0
-1,100,0
-1,100,0
-1,100,0
-1,100,0
-1,100,0
-1,100,0
-1,100,0
-1,100,0
-1,100,0
-1,100,0
-1,100,0
-1,100,0
-1,100,0
-1,100,0
-1,100,0
-1,100,0
-1,100,0
-1,100,0
-1,100,0
-1,100,0
-1,100,0
-1,100,0
-1,100,0
-1,100,0
-1,100,0
-1,100,0
-1,100,0
-1,100,0
-1,100,0
-1,100,0
-1,100,0
-1,100,0
-1,100,0
-1,100,0
-1,100,0
-1,100,0
-1,100,0
-1,100,0
-1,100,0
-1,100,0
-1,100,0
-1,100,0
-1,100,0
-1,100,0
-1,100,0
-1,100,0
-1,100,0
-1,100,0
-1,100,0
-1,100,0
-1,100,0
-1,100,0
-1,100,0
-1,100,0
-1,100,0
-1,100,0
-1,100,0
-1,100,0
-1,100,0
-1,100,0
-1,100,0
-1,100,0
-1,100,0
-1,100,0
-1,100,0
-1,100,0
-1,100,0
-1,100,0
-1,100,0
-1,100,0
-1,100,0
-1,100,0
-1,100,0
-1,100,0
-1,100,0
-1,100,0
-1,100,0
-1,100,0
-1,100,0
-1,100,0
-1,100,0
-1,100,0
-1,100,0
-1,100,0
-1,100,0
-1,100,0
-1,100,0
-1,100,0
-1,100,0
-1,100,0
-1,100,0
-1,100,0
-1,100,0
-1,100,0
-1,100,0
-1,100,0
-1,100,0
-1,100,0
-1,100,0
-1,100,0
-1,100,0
-1,100,0
-1,100,0
-1,100,0
-1,100,0
-1,100,0
-1,100,0
-1,100,0
-1,100,0
-1,100,0
-1,100,0
-1,100,0
-1,100,0
-1,100,0
-1,100,0
-1,100,0
-1,100,0
-1,100,0
-1,100,0
-1,100,0
-1,100,0
-1,100,0
-1,100,0
-1,100,0
-1,100,0
-1,100,0
-1,100,0
-1,100,0
-1,100,0
-1,100,0
-1,100,0
-1,100,0
-1,100,0
-1,100,0
-1,100,0
-1,100,0
-1,100,0
-1,100,0
-1,100,0
-1,100,0
-1,100,0
-1,100,0
-1,100,0
-1,100,0
-1,100,0
-1,100,0
-1,100,0
-1,100,0
-1,100,0
-1,100,0
-1,100,0
-1,100,0
-1,100,0
-1,100,0
-1,100,0
-1,100,0
-1,100,0
-1,100,0
-1,100,0
-1,100,0
-1,100,0
-1,100,0
-1,100,0
-1,100,0
-1,100,0
-1,100,0
-1,100,0
-1,100,0
-1,100,0
-1,100,0
-1,100,0
-1,100,0
-1,100,0
-1,100,0
-1,100,0
-1,100,0
-1,100,0
-1,100,0
-1,100,0
-1,100,0
-1,100,0
-1,100,0
-1,100,0
-1,100,0
-1,100,0
-1,100,0
-1,100,0
-1,100,0
-1,100,0
-1,100,0
-1,100,0
-1,100,0
-1,100,0
-1,100,0
-1,100,0
-1,100,0
-1,100,0
-1,100,0
-1,100,0
-1,100,0
-1,100,0
-1,100,0
-1,100,0
-1,100,0
-1,100,0
-1,100,0
-1,100,0
-1,100,0
-1,100,0
-1,100,0
-1,100,0
-1,100,0
-1,100,0
-1,100,0
-1,100,0
-1,100,0
-1,100,0
-1,100,0
-1,100,0
-1,100,0
-1,100,0
-1,100,0
-1,100,0
-1,100,0
-1,100,0
-1,100,0
-1,100,0
-1,100,0
-1,100,0
-1,100,0
-1,100,0
-1,100,0
-1,100,0
-1,100,0
-1,100,0
-1,100,0
-1,100,0
-1,100,0
-1,100,0
-1,100,0
-1,100,0
-1,100,0
-1,100,0
-1,100,0
-1,100,0
-1,100,0
-1,100,0
-1,100,0
-1,100,0
-1,100,0
-1,100,0
-1,100,0
-1,100,0
-1,100,0
-1,100,0
-1,100,0
-1,100,0
-1,100,0
-1,100,0
-1,100,0
-1,100,0
-1,100,0
-1,100,0
-1,100,0
-1,100,0
-1,100,0
-1,100,0
-1,100,0
-1,100,0
-1,100,0
-1,100,0
-1,100,0
-1,100,0
-1,100,0
-1,100,0
-1,100,0
-1,100,0
-1,100,0
-1,100,0
-1,100,0
-1,100,0
-1,100,0
-1,100,0
-1,100,0
-1,100,0
-1,100,0
-1,100,0
-1,100,0
-1,100,0
-1,100,0
-1,100,0
-1,100,0
-1,100,0
-1,100,0
-1,100,0
-1,100,0
-1,100,0
-1,100,0
-1,100,0
-1,100,0
-1,100,0
-1,100,0
-1,100,0
-1,100,0
-1,100,0
-1,100,0
-1,100,0
-1,100,0
-1,100,0
-1,100,0
-1,100,0
-1,100,0
-1,100,0
-1,100,0
-1,100,0
-1,100,0
-1,100,0
-1,100,0
-1,100,0
-1,100,0
-1,100,0
-1,100,0
-1,100,0
-1,100,0
-1,100,0
-1,100,0
-1,100,0
-1,100,0
-1,100,0
-1,100,0
-1,100,0
-1,100,0
-1,100,0
-1,100,0
-1,100,0
-1,100,0
-1,100,0
-1,100,0
-1,100,0
-1,100,0
-1,100,0
-1,100,0
-1,100,0
-1,100,0
-1,100,0
-1,100,0
-1,100,0
-1,100,0
-1,100,0
-1,100,0
-1,100,0
-1,100,0
-1,100,0
-1,100,0
-1,100,0
-1,100,0
-1,100,0
-1,100,0
-1,100,0
-1,100,0
-1,100,0
-1,100,0
-1,100,0
-1,100,0
-1,100,0
-1,100,0
-1,100,0
-1,100,0
-1,100,0
-1,100,0
-1,100,0
-1,100,0
-1,100,0
-1,100,0
-1,100,0
-1,100,0
-1,100,0
-1,100,0
-1,100,0
-1,100,0
-1,100,0
-1,100,0
-1,100,0
-1,100,0
-1,100,0
-1,100,0
-1,100,0
-1,100,0
-1,100,0
-1,100,0
-1,100,0
-1,100,0
-1,100,0
-1,100,0
-1,100,0
-1,100,0
-1,100,0
-1,100,0
-1,100,0
-1,100,0
-1,100,0
-1,100,0
-1,100,0
-1,100,0
-1,100,0
-1,100,0
-1,100,0
-1,100,0
-1,100,0
-1,100,0
-1,100,0
-1,100,0
-1,100,0
-1,100,0
-1,100,0
-1,100,0
-1,100,0
-1,100,0
-1,100,0
-1,100,0
-1,100,0
-1,100,0
-1,100,0
-1,100,0
-1,100,0
-1,100,0
-1,100,0
-1,100,0
-1,100,0
-1,100,0
-1,100,0
-1,100,0
-1,100,0
-1,100,0
-1,100,0
-1,100,0
-1,100,0
-1,100,0
-1,100,0
-1,100,0
-1,100,0
-1,100,0
-1,100,0
-1,100,0
-1,100,0
-1,100,0
-1,100,0
-1,100,0
-1,100,0
-1,100,0
-1,100,0
-1,100,0
-1,100,0
-1,100,0
-1,100,0
-1,100,0
-1,100,0
-1,100,0
-1,100,0
-1,100,0
-1,100,0
-1,100,0
-1,100,0
-1,100,0
-1,100,0
-1,100,0
-1,100,0
-1,100,0
-1,100,0
-1,100,0
-1,100,0
-1,100,0
-1,100,0
-1,100,0
-1,100,0
-1,100,0
-1,100,0
-1,100,0
-1,100,0
-1,100,0
-1,100,0
-1,100,0
-1,100,0
-1,100,0
-1,100,0
-1,100,0
-1,100,0
-1,100,0
-1,100,0
-1,100,0
-1,100,0
-1,100,0
-1,100,0
-1,100,0
-1,100,0
-1,100,0
-1,100,0
-1,100,0
-1,100,0
-1,100,0
-1,100,0
-1,100,0
-1,100,0
-1,100,0
-1,100,0
-1,100,0
-1,100,0
-1,100,0
-1,100,0
-1,100,0
-1,100,0
-1,100,0
-1,100,0
-1,100,0
-1,100,0
-1,100,0
-1,100,0
-1,100,0
-1,100,0
-1,100,0
-1,100,0
-1,100,0
-1,100,0
-1,100,0
-1,100,0
-1,100,0
-1,100,0
-1,100,0
-1,100,0
-1,100,0
-1,100,0
-1,100,0
-1,100,0
-1,100,0
-1,100,0
-1,100,0
-1,100,0
-1,100,0
-1,100,0
-1,100,0
-1,100,0
-1,100,0
-1,100,0
-1,100,0
-1,100,0
-1,100,0
-1,100,0
-1,100,0
-1,100,0
-1,100,0
-1,100,0
-1,100,0
-1,100,0
-1,100,0
-1,100,0
-1,100,0
-1,100,0
-1,100,0
-1,100,0
-1,100,0
-1,100,0
-1,100,0
-1,100,0
-1,100,0
-1,100,0
-1,100,0
-1,100,0
-1,100,0
-1,100,0
-1,100,0
-1,100,0
-1,100,0
-1,100,0
-1,100,0
-1,100,0
-1,100,0
-1,100,0
-1,100,0
-1,100,0
-1,100,0
-1,100,0
-1,100,0
-1,100,0
-1,100,0
-1,100,0
-1,100,0
-1,100,0
-1,100,0
-1,100,0
-1,100,0
-1,100,0
-1,100,0
-1,100,0
-1,100,0
-1,100,0
-1,100,0
-1,100,0
-1,100,0
-1,100,0
-1,100,0
-1,100,0
-1,100,0
-1,100,0
-1,100,0
-1,100,0
-1,100,0
-1,100,0
-1,100,0
-1,100,0
-1,100,0
-1,100,0
-1,100,0
-1,100,0
-1,100,0
-1,100,0
-1,100,0
-1,100,0
-1,100,0
-1,100,0
-1,100,0
-1,100,0
-1,100,0
-1,100,0
-1,100,0
-1,100,0
-1,100,0
-1,100,0
-1,100,0
-1,100,0
-1,100,0
-1,100,0
-1,100,0
-1,100,0
-1,100,0
-1,100,0
-1,100,0
-1,100,0
-1,100,0
-1,100,0
-1,100,0
-1,100,0
-1,100,0
-1,100,0
-1,100,0
-1,100,0
-1,100,0
-1,100,0
-1,100,0
-1,100,0
-1,100,0
-1,100,0
-1,100,0
-1,100,0
-1,100,0
-1,100,0
-1,100,0
-1,100,0
-1,100,0
-1,100,0
-1,100,0
-1,100,0
-1,100,0
-1,100,0
-1,100,0
-1,100,0
-1,100,0
-1,100,0
-1,100,0
-1,100,0
-1,100,0
-1,100,0
-1,100,0
-1,100,0
-1,100,0
-1,100,0
-1,100,0
-1,100,0
-1,100,0
-1,100,0
-1,100,0
-1,100,0
-1,100,0
-1,100,0
-1,100,0
-1,100,0
-1,100,0
-1,100,0
-1,100,0
-1,100,0
-1,100,0
-1,100,0
-1,100,0
-1,100,0
-1,100,0
-1,100,0
-1,100,0
-1,100,0
-1,100,0
-1,100,0
-1,100,0
-1,100,0
-1,100,0
-1,100,0
-1,100,0
-1,100,0
-1,100,0
-1,100,0
-1,100,0
-1,100,0
#
