BVE2000000
#ACCELERATION
2.1,2.1,8,14,2
2.2,2.2,20,45,3.5
2.5,2.5,37,50,3
2.5,2.5,50,58,3
2.5,2.5,55,80,3.5
0,0,0,0,1
0,0,0,0,1
0,0,0,0,1
#PERFORMANCE
4
0.35
#DELAY
0.1
0.1
0.2
0.2
0.5
0.4
#MOVE
300
400
500
500
600
300
#BRAKE
1
1
10
#PRESSURE
400
400
780
700
#HANDLE
0
5
8
3
#COCKPIT
-730
2700
-1000
#CAR
35
3
25
3
19.7
0
#DEVICE
1
0
0
0
0
0
0
0
#MOTOR_P1
0,128,127
0,128,127
0,128,127
0,128,126
0,128,126
0,128,126
0,128,126
0,128,126
0,128,126
0,128,126
0,128,126
0,128,126
0,128,126
0,128,126
0,128,126
0,128,126
0,128,126
0,128,126
0,128,127
0,128,119
0,129,111
0,122,103
0,116,95
0,109,87
0,102,79
0,96,71
0,89,64
0,82,56
0,76,48
0,69,40
0,62,32
0,56,0
0,49,0
0,42,0
0,36,0
0,29,0
0,22,0
0,10,0
0,10,0
0,10,0
0,10,0
0,10,0
0,10,0
0,10,0
0,10,0
0,10,0
0,10,0
0,10,0
0,10,0
0,10,0
0,10,0
0,10,0
0,10,0
0,10,0
0,10,0
0,10,0
0,10,0
0,10,0
0,10,0
0,10,0
0,10,0
0,10,0
0,10,0
0,10,0
0,10,0
0,10,0
0,10,0
0,10,0
0,10,0
0,10,0
0,10,0
0,10,0
0,10,0
0,10,0
0,10,0
0,10,0
0,10,0
0,10,0
0,10,0
0,10,0
0,10,0
0,10,0
0,10,0
0,10,0
0,10,0
0,10,0
0,10,0
0,10,0
0,10,0
0,10,0
0,10,0
0,10,0
0,10,0
0,10,0
0,10,0
0,10,0
0,10,0
0,10,0
0,10,0
0,10,0
0,10,0
0,10,0
0,10,0
0,10,0
0,10,0
0,10,0
0,10,0
0,10,0
0,10,0
0,10,0
0,10,0
0,10,0
0,10,0
0,10,0
0,10,0
0,10,0
0,10,0
0,10,0
0,10,0
0,10,0
0,10,0
0,10,0
0,10,0
0,10,0
0,10,0
0,10,0
0,10,0
0,10,0
0,10,0
0,10,0
0,10,0
0,10,0
0,10,0
0,10,0
0,10,0
0,10,0
0,10,0
0,10,0
0,10,0
0,10,0
0,10,0
0,10,0
0,10,0
0,10,0
0,10,0
0,10,0
0,10,0
0,10,0
0,10,0
0,10,0
0,10,0
0,10,0
0,10,0
0,10,0
0,10,0
0,10,0
0,10,0
0,10,0
0,10,0
0,10,0
0,10,0
0,10,0
0,10,0
0,10,0
0,10,0
0,10,0
0,10,0
0,10,0
0,10,0
0,10,0
0,10,0
0,10,0
0,10,0
0,10,0
0,10,0
0,10,0
0,10,0
0,10,0
0,10,0
0,10,0
0,10,0
0,10,0
0,10,0
0,10,0
0,10,0
0,10,0
0,10,0
0,10,0
0,10,0
0,10,0
0,10,0
0,10,0
0,10,0
0,10,0
0,10,0
0,10,0
0,10,0
0,10,0
0,10,0
0,10,0
0,10,0
0,10,0
0,10,0
0,10,0
0,10,0
0,10,0
0,10,0
0,10,0
0,10,0
0,10,0
0,10,0
0,10,0
0,10,0
0,10,0
0,10,0
0,10,0
0,10,0
0,10,0
0,10,0
0,10,0
0,10,0
0,10,0
0,10,0
0,10,0
0,10,0
0,10,0
0,10,0
0,10,0
0,10,0
0,10,0
0,10,0
0,10,0
0,10,0
0,10,0
0,10,0
0,10,0
0,10,0
0,10,0
0,10,0
0,10,0
0,10,0
0,10,0
0,10,0
0,10,0
0,10,0
0,10,0
0,10,0
0,10,0
0,10,0
0,10,0
0,10,0
0,10,0
0,10,0
0,10,0
0,10,0
0,10,0
0,10,0
0,10,0
0,10,0
0,10,0
0,10,0
0,10,0
0,10,0
0,10,0
0,10,0
0,10,0
0,10,0
0,10,0
0,10,0
0,10,0
0,10,0
0,10,0
0,10,0
0,10,0
0,10,0
0,10,0
0,10,0
0,10,0
0,10,0
0,10,0
0,10,0
0,10,0
0,10,0
0,10,0
0,10,0
0,10,0
0,10,0
0,10,0
0,10,0
0,10,0
0,10,0
0,10,0
0,10,0
0,10,0
0,10,0
0,10,0
0,10,0
0,10,0
0,10,0
0,10,0
0,10,0
0,10,0
0,10,0
0,10,0
0,10,0
0,10,0
0,10,0
0,10,0
0,10,0
0,10,0
0,10,0
0,10,0
0,10,0
0,10,0
0,10,0
0,10,0
0,10,0
0,10,0
0,10,0
0,10,0
0,10,0
0,10,0
0,10,0
0,10,0
0,10,0
0,10,0
0,10,0
0,10,0
0,10,0
0,10,0
0,10,0
0,10,0
0,10,0
0,10,0
0,10,0
0,10,0
0,10,0
0,10,0
0,10,0
0,10,0
0,10,0
0,10,0
0,10,0
0,10,0
0,10,0
0,10,0
0,10,0
0,10,0
0,10,0
0,10,0
0,10,0
0,10,0
0,10,0
0,10,0
0,10,0
0,10,0
0,10,0
0,10,0
0,10,0
0,10,0
0,10,0
0,10,0
0,10,0
0,10,0
0,10,0
0,10,0
0,10,0
0,10,0
0,10,0
0,10,0
0,10,0
0,10,0
0,10,0
0,10,0
0,10,0
0,10,0
0,10,0
0,10,0
0,10,0
0,10,0
0,10,0
0,10,0
0,10,0
0,10,0
0,10,0
0,10,0
0,10,0
0,10,0
0,10,0
0,10,0
0,10,0
0,10,0
0,10,0
0,10,0
0,10,0
0,10,0
0,10,0
0,10,0
0,10,0
0,10,0
0,10,0
0,10,0
0,10,0
0,10,0
0,10,0
0,10,0
0,10,0
0,10,0
0,10,0
0,10,0
0,10,0
0,10,0
0,10,0
0,10,0
0,10,0
0,10,0
0,10,0
0,10,0
0,10,0
0,10,0
0,10,0
0,10,0
0,10,0
0,10,0
0,10,0
0,10,0
0,10,0
0,10,0
0,10,0
0,10,0
0,10,0
0,10,0
0,10,0
0,10,0
0,10,0
0,10,0
0,10,0
0,10,0
0,10,0
0,10,0
0,10,0
0,10,0
0,10,0
0,10,0
0,10,0
0,10,0
0,10,0
0,10,0
0,10,0
0,10,0
0,10,0
0,10,0
0,10,0
0,10,0
0,10,0
0,10,0
0,10,0
0,10,0
0,10,0
0,10,0
0,10,0
0,10,0
0,10,0
0,10,0
0,10,0
0,10,0
0,10,0
0,10,0
0,10,0
0,10,0
0,10,0
0,10,0
0,10,0
0,10,0
0,10,0
0,10,0
0,10,0
0,10,0
0,10,0
0,10,0
0,10,0
0,10,0
0,10,0
0,10,0
0,10,0
0,10,0
0,10,0
0,10,0
0,10,0
0,10,0
0,10,0
0,10,0
0,10,0
0,10,0
0,10,0
0,10,0
0,10,0
0,10,0
0,10,0
0,10,0
0,10,0
0,10,0
0,10,0
0,10,0
0,10,0
0,10,0
0,10,0
0,10,0
0,10,0
0,10,0
0,10,0
0,10,0
0,10,0
0,10,0
0,10,0
0,10,0
0,10,0
0,10,0
0,10,0
0,10,0
0,10,0
0,10,0
0,10,0
0,10,0
0,10,0
0,10,0
0,10,0
0,10,0
0,10,0
0,10,0
0,10,0
0,10,0
0,10,0
0,10,0
0,10,0
0,10,0
0,10,0
0,10,0
0,10,0
0,10,0
0,10,0
0,10,0
0,10,0
0,10,0
0,10,0
0,10,0
0,10,0
0,10,0
0,10,0
0,10,0
0,10,0
0,10,0
0,10,0
0,10,0
0,10,0
0,10,0
0,10,0
0,10,0
0,10,0
0,10,0
0,10,0
0,10,0
0,10,0
0,10,0
0,10,0
0,10,0
0,10,0
0,10,0
0,10,0
0,10,0
0,10,0
0,10,0
0,10,0
0,10,0
0,10,0
0,10,0
0,10,0
0,10,0
0,10,0
0,10,0
0,10,0
0,10,0
0,10,0
0,10,0
0,10,0
0,10,0
0,10,0
0,10,0
0,10,0
0,10,0
0,10,0
0,10,0
0,10,0
0,10,0
0,10,0
0,10,0
0,10,0
0,10,0
0,10,0
0,10,0
0,10,0
0,10,0
0,10,0
0,10,0
0,10,0
0,10,0
0,10,0
0,10,0
0,10,0
0,10,0
0,10,0
0,10,0
0,10,0
0,10,0
0,10,0
0,10,0
0,10,0
0,10,0
0,10,0
0,10,0
0,10,0
0,10,0
0,10,0
0,10,0
0,10,0
0,10,0
0,10,0
0,10,0
0,10,0
0,10,0
0,10,0
0,10,0
0,10,0
0,10,0
0,10,0
0,10,0
0,10,0
0,10,0
0,10,0
0,10,0
0,10,0
0,10,0
0,10,0
0,10,0
0,10,0
0,10,0
0,10,0
0,10,0
0,10,0
0,10,0
0,10,0
0,10,0
0,10,0
0,10,0
0,10,0
0,10,0
0,10,0
0,10,0
0,10,0
0,10,0
0,10,0
0,10,0
0,10,0
0,10,0
0,10,0
0,10,0
0,10,0
0,10,0
0,10,0
0,10,0
0,10,0
0,10,0
0,10,0
0,10,0
0,10,0
0,10,0
0,10,0
0,10,0
0,10,0
0,10,0
0,10,0
0,10,0
0,10,0
0,10,0
0,10,0
0,10,0
0,10,0
0,10,0
0,10,0
0,10,0
0,10,0
0,10,0
0,10,0
0,10,0
0,10,0
0,10,0
0,10,0
0,10,0
0,10,0
0,10,0
0,10,0
0,10,0
0,10,0
0,10,0
0,10,0
0,10,0
0,10,0
0,10,0
0,10,0
0,10,0
0,10,0
0,10,0
0,10,0
0,10,0
0,10,0
0,10,0
0,10,0
0,10,0
0,10,0
0,10,0
0,10,0
0,10,0
0,10,0
0,10,0
0,10,0
0,10,0
0,10,0
0,10,0
0,10,0
0,10,0
0,10,0
0,10,0
0,10,0
0,10,0
0,10,0
0,10,0
0,10,0
0,10,0
0,10,0
0,10,0
0,10,0
0,10,0
0,10,0
0,10,0
0,10,0
0,10,0
0,10,0
0,10,0
0,10,0
0,10,0
0,10,0
0,10,0
0,10,0
0,10,0
0,10,0
0,10,0
0,10,0
0,10,0
0,10,0
0,10,0
0,10,0
0,10,0
0,10,0
0,10,0
0,10,0
0,10,0
0,10,0
0,10,0
0,10,0
0,10,0
0,10,0
0,10,0
0,10,0
0,10,0
0,10,0
0,10,0
0,10,0
0,10,0
0,10,0
0,10,0
0,10,0
0,10,0
0,10,0
0,10,0
0,10,0
0,10,0
0,10,0
0,10,0
0,10,0
0,10,0
0,10,0
0,10,0
0,10,0
0,10,0
0,10,0
0,10,0
0,10,0
0,10,0
0,10,127
0,10,127
#MOTOR_P2
-1,100,0
-1,100,0
-1,100,0
-1,100,0
-1,100,0
-1,100,0
-1,100,0
-1,100,0
-1,100,0
-1,100,0
-1,100,0
-1,100,0
-1,100,0
-1,100,0
-1,100,0
-1,100,0
-1,100,0
-1,100,0
-1,100,0
-1,100,0
-1,100,0
-1,100,0
-1,100,0
-1,100,0
-1,100,0
-1,100,0
-1,100,0
-1,100,0
-1,100,0
-1,100,0
-1,100,0
-1,100,0
-1,100,0
-1,100,0
-1,100,0
-1,100,0
-1,100,0
-1,100,0
-1,100,0
-1,100,0
-1,100,0
-1,100,0
-1,100,0
-1,100,0
-1,100,0
-1,100,0
-1,100,0
-1,100,0
-1,100,0
-1,100,0
-1,100,0
-1,100,0
-1,100,0
-1,100,0
-1,100,0
-1,100,0
-1,100,0
-1,100,0
-1,100,0
-1,100,0
-1,100,0
-1,100,0
-1,100,0
-1,100,0
-1,100,0
-1,100,0
-1,100,0
-1,100,0
-1,100,0
-1,100,0
-1,100,0
-1,100,0
-1,100,0
-1,100,0
-1,100,0
-1,100,0
-1,100,0
-1,100,0
-1,100,0
-1,100,0
-1,100,0
-1,100,0
-1,100,0
-1,100,0
-1,100,0
-1,100,0
-1,100,0
-1,100,0
-1,100,0
-1,100,0
-1,100,0
-1,100,0
-1,100,0
-1,100,0
-1,100,0
-1,100,0
-1,100,0
-1,100,0
-1,100,0
-1,100,0
-1,100,0
-1,100,0
-1,100,0
-1,100,0
-1,100,0
-1,100,0
-1,100,0
-1,100,0
-1,100,0
-1,100,0
-1,100,0
-1,100,0
-1,100,0
-1,100,0
-1,100,0
-1,100,0
-1,100,0
-1,100,0
-1,100,0
-1,100,0
-1,100,0
-1,100,0
-1,100,0
-1,100,0
-1,100,0
-1,100,0
-1,100,0
-1,100,0
-1,100,0
-1,100,0
-1,100,0
-1,100,0
-1,100,0
-1,100,0
-1,100,0
-1,100,0
-1,100,0
-1,100,0
-1,100,0
-1,100,0
-1,100,0
-1,100,0
-1,100,0
-1,100,0
-1,100,0
-1,100,0
-1,100,0
-1,100,0
-1,100,0
-1,100,0
-1,100,0
-1,100,0
-1,100,0
-1,100,0
-1,100,0
-1,100,0
-1,100,0
-1,100,0
-1,100,0
-1,100,0
-1,100,0
-1,100,0
-1,100,0
-1,100,0
-1,100,0
-1,100,0
-1,100,0
-1,100,0
-1,100,0
-1,100,0
-1,100,0
-1,100,0
-1,100,0
-1,100,0
-1,100,0
-1,100,0
-1,100,0
-1,100,0
-1,100,0
-1,100,0
-1,100,0
-1,100,0
-1,100,0
-1,100,0
-1,100,0
-1,100,0
-1,100,0
-1,100,0
-1,100,0
-1,100,0
-1,100,0
-1,100,0
-1,100,0
-1,100,0
-1,100,0
-1,100,0
-1,100,0
-1,100,0
-1,100,0
-1,100,0
-1,100,0
-1,100,0
-1,100,0
-1,100,0
-1,100,0
-1,100,0
-1,100,0
-1,100,0
-1,100,0
-1,100,0
-1,100,0
-1,100,0
-1,100,0
-1,100,0
-1,100,0
-1,100,0
-1,100,0
-1,100,0
-1,100,0
-1,100,0
-1,100,0
-1,100,0
-1,100,0
-1,100,0
-1,100,0
-1,100,0
-1,100,0
-1,100,0
-1,100,0
-1,100,0
-1,100,0
-1,100,0
-1,100,0
-1,100,0
-1,100,0
-1,100,0
-1,100,0
-1,100,0
-1,100,0
-1,100,0
-1,100,0
-1,100,0
-1,100,0
-1,100,0
-1,100,0
-1,100,0
-1,100,0
-1,100,0
-1,100,0
-1,100,0
-1,100,0
-1,100,0
-1,100,0
-1,100,0
-1,100,0
-1,100,0
-1,100,0
-1,100,0
-1,100,0
-1,100,0
-1,100,0
-1,100,0
-1,100,0
-1,100,0
-1,100,0
-1,100,0
-1,100,0
-1,100,0
-1,100,0
-1,100,0
-1,100,0
-1,100,0
-1,100,0
-1,100,0
-1,100,0
-1,100,0
-1,100,0
-1,100,0
-1,100,0
-1,100,0
-1,100,0
-1,100,0
-1,100,0
-1,100,0
-1,100,0
-1,100,0
-1,100,0
-1,100,0
-1,100,0
-1,100,0
-1,100,0
-1,100,0
-1,100,0
-1,100,0
-1,100,0
-1,100,0
-1,100,0
-1,100,0
-1,100,0
-1,100,0
-1,100,0
-1,100,0
-1,100,0
-1,100,0
-1,100,0
-1,100,0
-1,100,0
-1,100,0
-1,100,0
-1,100,0
-1,100,0
-1,100,0
-1,100,0
-1,100,0
-1,100,0
-1,100,0
-1,100,0
-1,100,0
-1,100,0
-1,100,0
-1,100,0
-1,100,0
-1,100,0
-1,100,0
-1,100,0
-1,100,0
-1,100,0
-1,100,0
-1,100,0
-1,100,0
-1,100,0
-1,100,0
-1,100,0
-1,100,0
-1,100,0
-1,100,0
-1,100,0
-1,100,0
-1,100,0
-1,100,0
-1,100,0
-1,100,0
-1,100,0
-1,100,0
-1,100,0
-1,100,0
-1,100,0
-1,100,0
-1,100,0
-1,100,0
-1,100,0
-1,100,0
-1,100,0
-1,100,0
-1,100,0
-1,100,0
-1,100,0
-1,100,0
-1,100,0
-1,100,0
-1,100,0
-1,100,0
-1,100,0
-1,100,0
-1,100,0
-1,100,0
-1,100,0
-1,100,0
-1,100,0
-1,100,0
-1,100,0
-1,100,0
-1,100,0
-1,100,0
-1,100,0
-1,100,0
-1,100,0
-1,100,0
-1,100,0
-1,100,0
-1,100,0
-1,100,0
-1,100,0
-1,100,0
-1,100,0
-1,100,0
-1,100,0
-1,100,0
-1,100,0
-1,100,0
-1,100,0
-1,100,0
-1,100,0
-1,100,0
-1,100,0
-1,100,0
-1,100,0
-1,100,0
-1,100,0
-1,100,0
-1,100,0
-1,100,0
-1,100,0
-1,100,0
-1,100,0
-1,100,0
-1,100,0
-1,100,0
-1,100,0
-1,100,0
-1,100,0
-1,100,0
-1,100,0
-1,100,0
-1,100,0
-1,100,0
-1,100,0
-1,100,0
-1,100,0
-1,100,0
-1,100,0
-1,100,0
-1,100,0
-1,100,0
-1,100,0
-1,100,0
-1,100,0
-1,100,0
-1,100,0
-1,100,0
-1,100,0
-1,100,0
-1,100,0
-1,100,0
-1,100,0
-1,100,0
-1,100,0
-1,100,0
-1,100,0
-1,100,0
-1,100,0
-1,100,0
-1,100,0
-1,100,0
-1,100,0
-1,100,0
-1,100,0
-1,100,0
-1,100,0
-1,100,0
-1,100,0
-1,100,0
-1,100,0
-1,100,0
-1,100,0
-1,100,0
-1,100,0
-1,100,0
-1,100,0
-1,100,0
-1,100,0
-1,100,0
-1,100,0
-1,100,0
-1,100,0
-1,100,0
-1,100,0
-1,100,0
-1,100,0
-1,100,0
-1,100,0
-1,100,0
-1,100,0
-1,100,0
-1,100,0
-1,100,0
-1,100,0
-1,100,0
-1,100,0
-1,100,0
-1,100,0
-1,100,0
-1,100,0
-1,100,0
-1,100,0
-1,100,0
-1,100,0
-1,100,0
-1,100,0
-1,100,0
-1,100,0
-1,100,0
-1,100,0
-1,100,0
-1,100,0
-1,100,0
-1,100,0
-1,100,0
-1,100,0
-1,100,0
-1,100,0
-1,100,0
-1,100,0
-1,100,0
-1,100,0
-1,100,0
-1,100,0
-1,100,0
-1,100,0
-1,100,0
-1,100,0
-1,100,0
-1,100,0
-1,100,0
-1,100,0
-1,100,0
-1,100,0
-1,100,0
-1,100,0
-1,100,0
-1,100,0
-1,100,0
-1,100,0
-1,100,0
-1,100,0
-1,100,0
-1,100,0
-1,100,0
-1,100,0
-1,100,0
-1,100,0
-1,100,0
-1,100,0
-1,100,0
-1,100,0
-1,100,0
-1,100,0
-1,100,0
-1,100,0
-1,100,0
-1,100,0
-1,100,0
-1,100,0
-1,100,0
-1,100,0
-1,100,0
-1,100,0
-1,100,0
-1,100,0
-1,100,0
-1,100,0
-1,100,0
-1,100,0
-1,100,0
-1,100,0
-1,100,0
-1,100,0
-1,100,0
-1,100,0
-1,100,0
-1,100,0
-1,100,0
-1,100,0
-1,100,0
-1,100,0
-1,100,0
-1,100,0
-1,100,0
-1,100,0
-1,100,0
-1,100,0
-1,100,0
-1,100,0
-1,100,0
-1,100,0
-1,100,0
-1,100,0
-1,100,0
-1,100,0
-1,100,0
-1,100,0
-1,100,0
-1,100,0
-1,100,0
-1,100,0
-1,100,0
-1,100,0
-1,100,0
-1,100,0
-1,100,0
-1,100,0
-1,100,0
-1,100,0
-1,100,0
-1,100,0
-1,100,0
-1,100,0
-1,100,0
-1,100,0
-1,100,0
-1,100,0
-1,100,0
-1,100,0
-1,100,0
-1,100,0
-1,100,0
-1,100,0
-1,100,0
-1,100,0
-1,100,0
-1,100,0
-1,100,0
-1,100,0
-1,100,0
-1,100,0
-1,100,0
-1,100,0
-1,100,0
-1,100,0
-1,100,0
-1,100,0
-1,100,0
-1,100,0
-1,100,0
-1,100,0
-1,100,0
-1,100,0
-1,100,0
-1,100,0
-1,100,0
-1,100,0
-1,100,0
-1,100,0
-1,100,0
-1,100,0
-1,100,0
-1,100,0
-1,100,0
-1,100,0
-1,100,0
-1,100,0
-1,100,0
-1,100,0
-1,100,0
-1,100,0
-1,100,0
-1,100,0
-1,100,0
-1,100,0
-1,100,0
-1,100,0
-1,100,0
-1,100,0
-1,100,0
-1,100,0
-1,100,0
-1,100,0
-1,100,0
-1,100,0
-1,100,0
-1,100,0
-1,100,0
-1,100,0
-1,100,0
-1,100,0
-1,100,0
-1,100,0
-1,100,0
-1,100,0
-1,100,0
-1,100,0
-1,100,0
-1,100,0
-1,100,0
-1,100,0
-1,100,0
-1,100,0
-1,100,0
-1,100,0
-1,100,0
-1,100,0
-1,100,0
-1,100,0
-1,100,0
-1,100,0
-1,100,0
-1,100,0
-1,100,0
-1,100,0
-1,100,0
-1,100,0
-1,100,0
-1,100,0
-1,100,0
-1,100,0
-1,100,0
-1,100,0
-1,100,0
-1,100,0
-1,100,0
-1,100,0
-1,100,0
-1,100,0
-1,100,0
-1,100,0
-1,100,0
-1,100,0
-1,100,0
-1,100,0
-1,100,0
-1,100,0
-1,100,0
-1,100,0
-1,100,0
-1,100,0
-1,100,0
-1,100,0
-1,100,0
-1,100,0
-1,100,0
-1,100,0
-1,100,0
-1,100,0
-1,100,0
-1,100,0
-1,100,0
-1,100,0
-1,100,0
-1,100,0
-1,100,0
-1,100,0
-1,100,0
-1,100,0
-1,100,0
-1,100,0
-1,100,0
-1,100,0
-1,100,0
-1,100,0
-1,100,0
-1,100,0
-1,100,0
-1,100,0
-1,100,0
-1,100,0
-1,100,0
-1,100,0
-1,100,0
-1,100,0
-1,100,0
-1,100,0
-1,100,0
-1,100,0
-1,100,0
-1,100,0
-1,100,0
-1,100,0
-1,100,0
-1,100,0
-1,100,0
-1,100,0
-1,100,0
-1,100,0
-1,100,0
-1,100,0
-1,100,0
-1,100,0
-1,100,0
-1,100,0
-1,100,0
-1,100,0
-1,100,0
-1,100,0
-1,100,0
-1,100,0
-1,100,0
-1,100,0
-1,100,0
-1,100,0
-1,100,0
-1,100,0
-1,100,0
-1,100,0
-1,100,0
-1,100,0
-1,100,0
-1,100,0
-1,100,0
-1,100,0
-1,100,0
-1,100,0
-1,100,0
-1,100,0
-1,100,0
-1,100,0
-1,100,0
-1,100,0
-1,100,0
-1,100,0
-1,100,0
#MOTOR_B1
0,10,127
0,10,0
0,10,0
0,10,0
0,10,0
0,10,0
0,10,0
0,10,0
0,10,0
0,10,0
0,10,0
0,10,0
0,10,0
0,10,0
0,10,0
0,10,0
0,10,0
0,10,0
0,10,0
0,10,0
0,10,0
0,10,0
0,10,0
0,10,0
0,10,0
0,10,0
0,10,0
0,10,0
0,10,0
0,10,0
0,10,0
0,10,0
0,10,0
0,10,0
0,10,0
0,10,0
0,10,0
0,10,0
0,10,0
0,10,0
0,10,0
0,10,0
0,10,0
0,10,0
0,10,0
0,10,0
0,10,0
0,10,0
0,10,0
0,10,0
0,10,0
0,10,0
0,10,0
0,10,0
0,10,0
0,10,0
0,10,0
0,10,0
0,10,0
0,10,0
0,10,0
0,10,0
0,10,0
0,10,0
0,10,0
0,10,0
0,10,0
0,10,0
0,10,0
0,10,0
0,10,0
0,10,0
0,10,0
0,10,0
0,10,0
0,10,0
0,10,0
0,10,0
0,10,0
0,10,0
0,10,0
0,10,0
0,10,0
0,10,0
0,10,0
0,10,0
0,10,0
0,10,0
0,10,0
0,10,0
0,10,0
0,10,0
0,10,0
0,10,0
0,10,0
0,10,0
0,10,0
0,10,0
0,10,0
0,10,0
0,10,0
0,10,0
0,10,0
0,10,0
0,10,0
0,10,0
0,10,0
0,10,0
0,10,0
0,10,0
0,10,0
0,10,0
0,10,0
0,10,0
0,10,0
0,10,0
0,10,0
0,10,0
0,10,0
0,10,0
0,10,0
0,10,0
0,10,0
0,10,0
0,10,0
0,10,0
0,10,0
0,10,0
0,10,0
0,10,0
0,10,0
0,10,0
0,10,0
0,10,0
0,10,0
0,10,0
0,10,0
0,10,0
0,10,0
0,10,0
0,10,0
0,10,0
0,10,0
0,10,0
0,10,0
0,10,0
0,10,0
0,10,0
0,10,0
0,10,0
0,10,0
0,10,0
0,10,0
0,10,0
0,10,0
0,10,0
0,10,0
0,10,0
0,10,0
0,10,0
0,10,0
0,10,0
0,10,0
0,10,0
0,10,0
0,10,0
0,10,0
0,10,0
0,10,0
0,10,0
0,10,0
0,10,0
0,10,0
0,10,0
0,10,0
0,10,0
0,10,0
0,10,0
0,10,0
0,10,0
0,10,0
0,10,0
0,10,0
0,10,0
0,10,0
0,10,0
0,10,0
0,10,0
0,10,0
0,10,0
0,10,0
0,10,0
0,10,0
0,10,0
0,10,0
0,10,0
0,10,0
0,10,0
0,10,0
0,10,0
0,10,0
0,10,0
0,10,0
0,10,0
0,10,0
0,10,0
0,10,0
0,10,0
0,10,0
0,10,0
0,10,0
0,10,0
0,10,0
0,10,0
0,10,0
0,10,0
0,10,0
0,10,0
0,10,0
0,10,0
0,10,0
0,10,0
0,10,0
0,10,0
0,10,0
0,10,0
0,10,0
0,10,0
0,10,0
0,10,0
0,10,0
0,10,0
0,10,0
0,10,0
0,10,0
0,10,0
0,10,0
0,10,0
0,10,0
0,10,0
0,10,0
0,10,0
0,10,0
0,10,0
0,10,0
0,10,0
0,10,0
0,10,0
0,10,0
0,10,0
0,10,0
0,10,0
0,10,0
0,10,0
0,10,0
0,10,0
0,10,0
0,10,0
0,10,0
0,10,0
0,10,0
0,10,0
0,10,0
0,10,0
0,10,0
0,10,0
0,10,0
0,10,0
0,10,0
0,10,0
0,10,0
0,10,0
0,10,0
0,10,0
0,10,0
0,10,0
0,10,0
0,10,0
0,10,0
0,10,0
0,10,0
0,10,0
0,10,0
0,10,0
0,10,0
0,10,0
0,10,0
0,10,0
0,10,0
0,10,0
0,10,0
0,10,0
0,10,0
0,10,0
0,10,0
0,10,0
0,10,0
0,10,0
0,10,0
0,10,0
0,10,0
0,10,0
0,10,0
0,10,0
0,10,0
0,10,0
0,10,0
0,10,0
0,10,0
0,10,0
0,10,0
0,10,0
0,10,0
0,10,0
0,10,0
0,10,0
0,10,0
0,10,0
0,10,0
0,10,0
0,10,0
0,10,0
0,10,0
0,10,0
0,10,0
0,10,0
0,10,0
0,10,0
0,10,0
0,10,0
0,10,0
0,10,0
0,10,0
0,10,0
0,10,0
0,10,0
0,10,0
0,10,0
0,10,0
0,10,0
0,10,0
0,10,0
0,10,0
0,10,0
0,10,0
0,10,0
0,10,0
0,10,0
0,10,0
0,10,0
0,10,0
0,10,0
0,10,0
0,10,0
0,10,0
0,10,0
0,10,0
0,10,0
0,10,0
0,10,0
0,10,0
0,10,0
0,10,0
0,10,0
0,10,0
0,10,0
0,10,0
0,10,0
0,10,0
0,10,0
0,10,0
0,10,0
0,10,0
0,10,0
0,10,0
0,10,0
0,10,0
0,10,0
0,10,0
0,10,0
0,10,0
0,10,0
0,10,0
0,10,0
0,10,0
0,10,0
0,10,0
0,10,0
0,10,0
0,10,0
0,10,0
0,10,0
0,10,0
0,10,0
0,10,0
0,10,0
0,10,0
0,10,0
0,10,0
0,10,0
0,10,0
0,10,0
0,10,0
0,10,0
0,10,0
0,10,0
0,10,0
0,10,0
0,10,0
0,10,0
0,10,0
0,10,0
0,10,0
0,10,0
0,10,0
0,10,0
0,10,0
0,10,0
0,10,0
0,10,0
0,10,0
0,10,0
0,10,0
0,10,0
0,10,0
0,10,0
0,10,0
0,10,0
0,10,0
0,10,0
0,10,0
0,10,0
0,10,0
0,10,0
0,10,0
0,10,0
0,10,0
0,10,0
0,10,0
0,10,0
0,10,0
0,10,0
0,10,0
0,10,0
0,10,0
0,10,0
0,10,0
0,10,0
0,10,0
0,10,0
0,10,0
0,10,0
0,10,0
0,10,0
0,10,0
0,10,0
0,10,0
0,10,0
0,10,0
0,10,0
0,10,0
0,10,0
0,10,0
0,10,0
0,10,0
0,10,0
0,10,0
0,10,0
0,10,0
0,10,0
0,10,0
0,10,0
0,10,0
0,10,0
0,10,0
0,10,0
0,10,0
0,10,0
0,10,0
0,10,0
0,10,0
0,10,0
0,10,0
0,10,0
0,10,0
0,10,0
0,10,0
0,10,0
0,10,0
0,10,0
0,10,0
0,10,0
0,10,0
0,10,0
0,10,0
0,10,0
0,10,0
0,10,0
0,10,0
0,10,0
0,10,0
0,10,0
0,10,0
0,10,0
0,10,0
0,10,0
0,10,0
0,10,0
0,10,0
0,10,0
0,10,0
0,10,0
0,10,0
0,10,0
0,10,0
0,10,0
0,10,0
0,10,0
0,10,0
0,10,0
0,10,0
0,10,0
0,10,0
0,10,0
0,10,0
0,10,0
0,10,0
0,10,0
0,10,0
0,10,0
0,10,0
0,10,0
0,10,0
0,10,0
0,10,0
0,10,0
0,10,0
0,10,0
0,10,0
0,10,0
0,10,0
0,10,0
0,10,0
0,10,0
0,10,0
0,10,0
0,10,0
0,10,0
0,10,0
0,10,0
0,10,0
0,10,0
0,10,0
0,10,0
0,10,0
0,10,0
0,10,0
0,10,0
0,10,0
0,10,0
0,10,0
0,10,0
0,10,0
0,10,0
0,10,0
0,10,0
0,10,0
0,10,0
0,10,0
0,10,0
0,10,0
0,10,0
0,10,0
0,10,0
0,10,0
0,10,0
0,10,0
0,10,0
0,10,0
0,10,0
0,10,0
0,10,0
0,10,0
0,10,0
0,10,0
0,10,0
0,10,0
0,10,0
0,10,0
0,10,0
0,10,0
0,10,0
0,10,0
0,10,0
0,10,0
0,10,0
0,10,0
0,10,0
0,10,0
0,10,0
0,10,0
0,10,0
0,10,0
0,10,0
0,10,0
0,10,0
0,10,0
0,10,0
0,10,0
0,10,0
0,10,0
0,10,0
0,10,0
0,10,0
0,10,0
0,10,0
0,10,0
0,10,0
0,10,0
0,10,0
0,10,0
0,10,0
0,10,0
0,10,0
0,10,0
0,10,0
0,10,0
0,10,0
0,10,0
0,10,0
0,10,0
0,10,0
0,10,0
0,10,0
0,10,0
0,10,0
0,10,0
0,10,0
0,10,0
0,10,0
0,10,0
0,10,0
0,10,0
0,10,0
0,10,0
0,10,0
0,10,0
0,10,0
0,10,0
0,10,0
0,10,0
0,10,0
0,10,0
0,10,0
0,10,0
0,10,0
0,10,0
0,10,0
0,10,0
0,10,0
0,10,0
0,10,0
0,10,0
0,10,0
0,10,0
0,10,0
0,10,0
0,10,0
0,10,0
0,10,0
0,10,0
0,10,0
0,10,0
0,10,0
0,10,0
0,10,0
0,10,0
0,10,0
0,10,0
0,10,0
0,10,0
0,10,0
0,10,0
0,10,0
0,10,0
0,10,0
0,10,0
0,10,0
0,10,0
0,10,0
0,10,0
0,10,0
0,10,0
0,10,0
0,10,0
0,10,0
0,10,0
0,10,0
0,10,0
0,10,0
0,10,0
0,10,0
0,10,0
0,10,0
0,10,0
0,10,0
0,10,0
0,10,0
0,10,0
0,10,0
0,10,0
0,10,0
0,10,0
0,10,0
0,10,0
0,10,0
0,10,0
0,10,0
0,10,0
0,10,0
0,10,0
0,10,0
0,10,0
0,10,0
0,10,0
0,10,0
0,10,0
0,10,0
0,10,0
0,10,0
0,10,0
0,10,0
0,10,0
0,10,0
0,10,0
0,10,0
0,10,0
0,10,0
0,10,0
0,10,0
0,10,0
0,10,0
0,10,0
0,10,0
0,10,0
0,10,0
0,10,0
0,10,0
0,10,0
0,10,0
0,10,0
0,10,0
0,10,0
0,10,0
0,10,0
0,10,0
0,10,0
0,10,0
0,10,0
0,10,0
0,10,0
0,10,0
0,10,0
0,10,0
0,10,0
0,10,0
0,10,0
0,10,0
0,10,0
0,10,0
0,10,0
0,10,0
0,10,0
0,10,0
0,10,0
0,10,0
0,10,0
0,10,0
0,10,0
0,10,0
0,10,0
0,10,0
0,10,0
0,10,0
0,10,0
0,10,0
0,10,0
0,10,0
0,10,0
0,10,0
0,10,0
0,10,0
0,10,0
0,10,0
0,10,0
0,10,0
0,10,0
0,10,0
0,10,0
0,10,127
#MOTOR_B2
-1,100,0
-1,100,0
-1,100,0
-1,100,0
-1,100,0
-1,100,0
-1,100,0
-1,100,0
-1,100,0
-1,100,0
-1,100,0
-1,100,0
-1,100,0
-1,100,0
-1,100,0
-1,100,0
-1,100,0
-1,100,0
-1,100,0
-1,100,0
-1,100,0
-1,100,0
-1,100,0
-1,100,0
-1,100,0
-1,100,0
-1,100,0
-1,100,0
-1,100,0
-1,100,0
-1,100,0
-1,100,0
-1,100,0
-1,100,0
-1,100,0
-1,100,0
-1,100,0
-1,100,0
-1,100,0
-1,100,0
-1,100,0
-1,100,0
-1,100,0
-1,100,0
-1,100,0
-1,100,0
-1,100,0
-1,100,0
-1,100,0
-1,100,0
-1,100,0
-1,100,0
-1,100,0
-1,100,0
-1,100,0
-1,100,0
-1,100,0
-1,100,0
-1,100,0
-1,100,0
-1,100,0
-1,100,0
-1,100,0
-1,100,0
-1,100,0
-1,100,0
-1,100,0
-1,100,0
-1,100,0
-1,100,0
-1,100,0
-1,100,0
-1,100,0
-1,100,0
-1,100,0
-1,100,0
-1,100,0
-1,100,0
-1,100,0
-1,100,0
-1,100,0
-1,100,0
-1,100,0
-1,100,0
-1,100,0
-1,100,0
-1,100,0
-1,100,0
-1,100,0
-1,100,0
-1,100,0
-1,100,0
-1,100,0
-1,100,0
-1,100,0
-1,100,0
-1,100,0
-1,100,0
-1,100,0
-1,100,0
-1,100,0
-1,100,0
-1,100,0
-1,100,0
-1,100,0
-1,100,0
-1,100,0
-1,100,0
-1,100,0
-1,100,0
-1,100,0
-1,100,0
-1,100,0
-1,100,0
-1,100,0
-1,100,0
-1,100,0
-1,100,0
-1,100,0
-1,100,0
-1,100,0
-1,100,0
-1,100,0
-1,100,0
-1,100,0
-1,100,0
-1,100,0
-1,100,0
-1,100,0
-1,100,0
-1,100,0
-1,100,0
-1,100,0
-1,100,0
-1,100,0
-1,100,0
-1,100,0
-1,100,0
-1,100,0
-1,100,0
-1,100,0
-1,100,0
-1,100,0
-1,100,0
-1,100,0
-1,100,0
-1,100,0
-1,100,0
-1,100,0
-1,100,0
-1,100,0
-1,100,0
-1,100,0
-1,100,0
-1,100,0
-1,100,0
-1,100,0
-1,100,0
-1,100,0
-1,100,0
-1,100,0
-1,100,0
-1,100,0
-1,100,0
-1,100,0
-1,100,0
-1,100,0
-1,100,0
-1,100,0
-1,100,0
-1,100,0
-1,100,0
-1,100,0
-1,100,0
-1,100,0
-1,100,0
-1,100,0
-1,100,0
-1,100,0
-1,100,0
-1,100,0
-1,100,0
-1,100,0
-1,100,0
-1,100,0
-1,100,0
-1,100,0
-1,100,0
-1,100,0
-1,100,0
-1,100,0
-1,100,0
-1,100,0
-1,100,0
-1,100,0
-1,100,0
-1,100,0
-1,100,0
-1,100,0
-1,100,0
-1,100,0
-1,100,0
-1,100,0
-1,100,0
-1,100,0
-1,100,0
-1,100,0
-1,100,0
-1,100,0
-1,100,0
-1,100,0
-1,100,0
-1,100,0
-1,100,0
-1,100,0
-1,100,0
-1,100,0
-1,100,0
-1,100,0
-1,100,0
-1,100,0
-1,100,0
-1,100,0
-1,100,0
-1,100,0
-1,100,0
-1,100,0
-1,100,0
-1,100,0
-1,100,0
-1,100,0
-1,100,0
-1,100,0
-1,100,0
-1,100,0
-1,100,0
-1,100,0
-1,100,0
-1,100,0
-1,100,0
-1,100,0
-1,100,0
-1,100,0
-1,100,0
-1,100,0
-1,100,0
-1,100,0
-1,100,0
-1,100,0
-1,100,0
-1,100,0
-1,100,0
-1,100,0
-1,100,0
-1,100,0
-1,100,0
-1,100,0
-1,100,0
-1,100,0
-1,100,0
-1,100,0
-1,100,0
-1,100,0
-1,100,0
-1,100,0
-1,100,0
-1,100,0
-1,100,0
-1,100,0
-1,100,0
-1,100,0
-1,100,0
-1,100,0
-1,100,0
-1,100,0
-1,100,0
-1,100,0
-1,100,0
-1,100,0
-1,100,0
-1,100,0
-1,100,0
-1,100,0
-1,100,0
-1,100,0
-1,100,0
-1,100,0
-1,100,0
-1,100,0
-1,100,0
-1,100,0
-1,100,0
-1,100,0
-1,100,0
-1,100,0
-1,100,0
-1,100,0
-1,100,0
-1,100,0
-1,100,0
-1,100,0
-1,100,0
-1,100,0
-1,100,0
-1,100,0
-1,100,0
-1,100,0
-1,100,0
-1,100,0
-1,100,0
-1,100,0
-1,100,0
-1,100,0
-1,100,0
-1,100,0
-1,100,0
-1,100,0
-1,100,0
-1,100,0
-1,100,0
-1,100,0
-1,100,0
-1,100,0
-1,100,0
-1,100,0
-1,100,0
-1,100,0
-1,100,0
-1,100,0
-1,100,0
-1,100,0
-1,100,0
-1,100,0
-1,100,0
-1,100,0
-1,100,0
-1,100,0
-1,100,0
-1,100,0
-1,100,0
-1,100,0
-1,100,0
-1,100,0
-1,100,0
-1,100,0
-1,100,0
-1,100,0
-1,100,0
-1,100,0
-1,100,0
-1,100,0
-1,100,0
-1,100,0
-1,100,0
-1,100,0
-1,100,0
-1,100,0
-1,100,0
-1,100,0
-1,100,0
-1,100,0
-1,100,0
-1,100,0
-1,100,0
-1,100,0
-1,100,0
-1,100,0
-1,100,0
-1,100,0
-1,100,0
-1,100,0
-1,100,0
-1,100,0
-1,100,0
-1,100,0
-1,100,0
-1,100,0
-1,100,0
-1,100,0
-1,100,0
-1,100,0
-1,100,0
-1,100,0
-1,100,0
-1,100,0
-1,100,0
-1,100,0
-1,100,0
-1,100,0
-1,100,0
-1,100,0
-1,100,0
-1,100,0
-1,100,0
-1,100,0
-1,100,0
-1,100,0
-1,100,0
-1,100,0
-1,100,0
-1,100,0
-1,100,0
-1,100,0
-1,100,0
-1,100,0
-1,100,0
-1,100,0
-1,100,0
-1,100,0
-1,100,0
-1,100,0
-1,100,0
-1,100,0
-1,100,0
-1,100,0
-1,100,0
-1,100,0
-1,100,0
-1,100,0
-1,100,0
-1,100,0
-1,100,0
-1,100,0
-1,100,0
-1,100,0
-1,100,0
-1,100,0
-1,100,0
-1,100,0
-1,100,0
-1,100,0
-1,100,0
-1,100,0
-1,100,0
-1,100,0
-1,100,0
-1,100,0
-1,100,0
-1,100,0
-1,100,0
-1,100,0
-1,100,0
-1,100,0
-1,100,0
-1,100,0
-1,100,0
-1,100,0
-1,100,0
-1,100,0
-1,100,0
-1,100,0
-1,100,0
-1,100,0
-1,100,0
-1,100,0
-1,100,0
-1,100,0
-1,100,0
-1,100,0
-1,100,0
-1,100,0
-1,100,0
-1,100,0
-1,100,0
-1,100,0
-1,100,0
-1,100,0
-1,100,0
-1,100,0
-1,100,0
-1,100,0
-1,100,0
-1,100,0
-1,100,0
-1,100,0
-1,100,0
-1,100,0
-1,100,0
-1,100,0
-1,100,0
-1,100,0
-1,100,0
-1,100,0
-1,100,0
-1,100,0
-1,100,0
-1,100,0
-1,100,0
-1,100,0
-1,100,0
-1,100,0
-1,100,0
-1,100,0
-1,100,0
-1,100,0
-1,100,0
-1,100,0
-1,100,0
-1,100,0
-1,100,0
-1,100,0
-1,100,0
-1,100,0
-1,100,0
-1,100,0
-1,100,0
-1,100,0
-1,100,0
-1,100,0
-1,100,0
-1,100,0
-1,100,0
-1,100,0
-1,100,0
-1,100,0
-1,100,0
-1,100,0
-1,100,0
-1,100,0
-1,100,0
-1,100,0
-1,100,0
-1,100,0
-1,100,0
-1,100,0
-1,100,0
-1,100,0
-1,100,0
-1,100,0
-1,100,0
-1,100,0
-1,100,0
-1,100,0
-1,100,0
-1,100,0
-1,100,0
-1,100,0
-1,100,0
-1,100,0
-1,100,0
-1,100,0
-1,100,0
-1,100,0
-1,100,0
-1,100,0
-1,100,0
-1,100,0
-1,100,0
-1,100,0
-1,100,0
-1,100,0
-1,100,0
-1,100,0
-1,100,0
-1,100,0
-1,100,0
-1,100,0
-1,100,0
-1,100,0
-1,100,0
-1,100,0
-1,100,0
-1,100,0
-1,100,0
-1,100,0
-1,100,0
-1,100,0
-1,100,0
-1,100,0
-1,100,0
-1,100,0
-1,100,0
-1,100,0
-1,100,0
-1,100,0
-1,100,0
-1,100,0
-1,100,0
-1,100,0
-1,100,0
-1,100,0
-1,100,0
-1,100,0
-1,100,0
-1,100,0
-1,100,0
-1,100,0
-1,100,0
-1,100,0
-1,100,0
-1,100,0
-1,100,0
-1,100,0
-1,100,0
-1,100,0
-1,100,0
-1,100,0
-1,100,0
-1,100,0
-1,100,0
-1,100,0
-1,100,0
-1,100,0
-1,100,0
-1,100,0
-1,100,0
-1,100,0
-1,100,0
-1,100,0
-1,100,0
-1,100,0
-1,100,0
-1,100,0
-1,100,0
-1,100,0
-1,100,0
-1,100,0
-1,100,0
-1,100,0
-1,100,0
-1,100,0
-1,100,0
-1,100,0
-1,100,0
-1,100,0
-1,100,0
-1,100,0
-1,100,0
-1,100,0
-1,100,0
-1,100,0
-1,100,0
-1,100,0
-1,100,0
-1,100,0
-1,100,0
-1,100,0
-1,100,0
-1,100,0
-1,100,0
-1,100,0
-1,100,0
-1,100,0
-1,100,0
-1,100,0
-1,100,0
-1,100,0
-1,100,0
-1,100,0
-1,100,0
-1,100,0
-1,100,0
-1,100,0
-1,100,0
-1,100,0
-1,100,0
-1,100,0
-1,100,0
-1,100,0
-1,100,0
-1,100,0
-1,100,0
-1,100,0
-1,100,0
-1,100,0
-1,100,0
-1,100,0
-1,100,0
-1,100,0
-1,100,0
-1,100,0
-1,100,0
-1,100,0
-1,100,0
-1,100,0
-1,100,0
-1,100,0
-1,100,0
-1,100,0
-1,100,0
-1,100,0
-1,100,0
-1,100,0
-1,100,0
-1,100,0
-1,100,0
-1,100,0
-1,100,0
-1,100,0
-1,100,0
-1,100,0
-1,100,0
-1,100,0
-1,100,0
-1,100,0
-1,100,0
-1,100,0
-1,100,0
-1,100,0
-1,100,0
-1,100,0
-1,100,0
-1,100,0
-1,100,0
-1,100,0
-1,100,0
-1,100,0
-1,100,0
-1,100,0
-1,100,0
-1,100,0
-1,100,0
-1,100,0
-1,100,0
-1,100,0
-1,100,0
-1,100,0
-1,100,0
-1,100,0
-1,100,0
-1,100,0
-1,100,0
-1,100,0
-1,100,0
-1,100,0
-1,100,0
-1,100,0
-1,100,0
-1,100,0
-1,100,0
-1,100,0
-1,100,0
-1,100,0
-1,100,0
-1,100,0
-1,100,0
-1,100,0
-1,100,0
-1,100,0
-1,100,0
-1,100,0
-1,100,0
-1,100,0
-1,100,0
-1,100,0
-1,100,0
-1,100,0
-1,100,0
-1,100,0
-1,100,0
-1,100,0
-1,100,0
-1,100,0
-1,100,0
-1,100,0
-1,100,0
-1,100,0
-1,100,0
-1,100,0
-1,100,0
-1,100,0
-1,100,0
-1,100,0
-1,100,0
-1,100,0
-1,100,0
-1,100,0
-1,100,0
-1,100,0
-1,100,0
-1,100,0
-1,100,0
-1,100,0
-1,100,0
-1,100,0
-1,100,0
-1,100,0
-1,100,0
-1,100,0
-1,100,0
-1,100,0
-1,100,0
-1,100,0
-1,100,0
-1,100,0
-1,100,0
-1,100,0
-1,100,0
-1,100,0
-1,100,0
-1,100,0
-1,100,0
-1,100,0
-1,100,0
-1,100,0
-1,100,0
-1,100,0
-1,100,0
-1,100,0
-1,100,0
#
